Parameter setting:
----------------------------------------------------------------------------------------------------------------------------------
currentDate:2019-06-14 12:55:08
dataPath:..\DataSet\tpData.txt
program path:D:\PycharmProject\cythonPaper\cUIPCC
outPath:C:\Users\Administrator\Desktop\实验数据201906\UPCC\2019-06-14UPCC_参数分析topK分析tp.txt
parallelMode:True
threadNum:3
metrics:['MAE', 'NMAE', 'RMSE']
density:[0.05 0.1  0.15 0.2 ]
rounds:20
topK:[ 5 10 15 20 25 30 35 40 45 50]
lambda:0.8
numUser:339
numService:5825
method:mainUIPCC.py
saveData:True
----------------------------------------------------------------------------------------------------------------------------------
数据集:  (339, 5825)
+++++++++++++++topK: 5
==================================================================================================================================
density = 0.05
mae
[26.516231175697726, 26.605363949826508, 27.04058433552217, 26.52427188411732, 26.431672069251817, 26.41529729041778, 26.061342730601638, 26.590284542632084, 26.80978282387152, 26.244929102889955, 26.833641830530645, 26.50075410651232, 26.883555501697533, 26.417715484733264, 26.73539074585004, 26.222151918764656, 26.565175605750934, 26.52395467635882, 26.388594168668263, 26.586007330228234]
26.544835063696162
nmae
[0.5579751467345963, 0.559542375296932, 0.5687732150947687, 0.5578504988464136, 0.5556615074069372, 0.5549596155069928, 0.5477906197736152, 0.5590815667458181, 0.5636607198105447, 0.5519321398277979, 0.5643498900049915, 0.5570089351133911, 0.5651234213679509, 0.5551120453538335, 0.5621353109665559, 0.551124519969572, 0.5584672864944512, 0.5575912479823506, 0.5548517582911391, 0.5588511632092946]
0.5580921491898974
rmse
[59.939921110630905, 60.32288171420742, 60.78595400975298, 60.3950171230121, 60.415617869210436, 60.28603752712219, 60.25656247452818, 60.46450281523344, 60.330980464369844, 60.207032330763006, 60.37534364964771, 60.32677404873637, 60.779668352106185, 60.49147922892139, 60.112793033247144, 60.50288529912715, 60.422814963210364, 60.15275242235467, 60.57204461151094, 60.53927387740336]
60.384016846254795
==================================================================================================================================
density = 0.1
mae
[22.047782385153603, 22.416805240549092, 22.358440930392604, 22.395536848825298, 22.25945683880258, 22.20111935960543, 21.86666455606669, 22.20426450544126, 22.087594905137497, 21.709752674993396, 22.173131640333015, 22.05071122465897, 22.414058677432514, 22.01854151461111, 22.17872558580713, 21.93835701625976, 21.992166320876027, 22.046752942244623, 21.836281075529364, 22.114702550632195]
22.11554233966761
nmae
[0.46380198494832836, 0.47171835732525763, 0.47024688057923036, 0.4709626385608801, 0.4678002347669315, 0.46629993804191383, 0.45980803378193935, 0.46719456522781216, 0.46436300803177427, 0.456825468625, 0.46614914359741144, 0.4636331740017204, 0.47126122971378404, 0.46272531908002407, 0.4665505180377411, 0.46090164885483825, 0.46194450076677745, 0.4635281320854183, 0.459160170470548, 0.46495969405984106]
0.4649917320278586
rmse
[53.5771468724102, 53.56020532028888, 53.800146258096326, 54.041230071936425, 53.97277623241328, 53.85015779212, 53.38558727073341, 53.55608301873476, 53.57486217769663, 53.2708403858807, 53.888883419383724, 53.45625305748332, 53.723858006641386, 53.68613710746671, 53.57366316488206, 53.68501334533981, 53.48027317964084, 53.81561760831913, 53.55504690442829, 53.88418280180756]
53.666898199785166
==================================================================================================================================
density = 0.15000000000000002
mae
[19.962641314965392, 20.52505873839294, 19.98903739031001, 20.349507864525144, 20.115524098834744, 20.101946140217795, 20.043228577092336, 20.03958160272113, 19.921276078618543, 19.715538084393213, 19.876277865119945, 20.046290643987216, 20.3538990077277, 19.850488800495942, 19.94986100272904, 19.798431367119402, 19.93021829928497, 19.788729718294764, 19.85336947844052, 20.05821794044977]
20.013456200686022
nmae
[0.42018462697267805, 0.4320681035188102, 0.4205336437582351, 0.4276747679214207, 0.42289361441921414, 0.4222989740320768, 0.4216360527217327, 0.4219021831208227, 0.41883882455415195, 0.415061860248235, 0.4178266775826079, 0.4215240606319193, 0.4280401159146065, 0.4171699938807921, 0.4196869936274876, 0.41620592475729773, 0.4185015157099019, 0.4160314019728262, 0.41777509426095966, 0.4214840525557105]
0.42086692410807436
rmse
[50.327759929888806, 50.70244810607197, 50.10955645354709, 50.57383958645565, 50.34147256257659, 50.329013966689175, 50.213536785083214, 50.2303301090596, 49.949350711532524, 49.98900604728396, 50.23390558655863, 49.973891675045344, 50.42784308752022, 50.27311917727909, 49.809191279465196, 50.003562195295956, 50.22353777005417, 50.03201365939547, 50.26845312788086, 50.07019631010776]
50.20410140633957
==================================================================================================================================
density = 0.2
mae
[18.59747875948243, 19.07858506661979, 18.730814669623868, 18.725076775547073, 18.782257675966008, 18.70432592571356, 18.685281105498934, 18.908551643053414, 18.457494163978932, 18.544409451767702, 18.424430301662802, 18.52896651024117, 18.962006576926026, 18.45957340093261, 18.613942242398306, 18.547379735769546, 18.631975091118996, 18.509586408665342, 18.590293710894503, 18.86550113745678]
18.66739651766589
nmae
[0.3915330156754461, 0.4020531865010147, 0.3938602716079192, 0.39336892275764446, 0.3948417865325284, 0.39298500310062284, 0.39274663826541323, 0.3984528050711917, 0.38802176093856755, 0.39023241087328486, 0.38727569779537685, 0.38962483329195985, 0.39873801986715635, 0.3879821575345182, 0.39137125456640076, 0.38977927355628245, 0.39136136102549596, 0.3888493794658702, 0.3913433461439998, 0.3964443687117732]
0.39254327466412325
rmse
[47.733118163775394, 48.516494316971055, 47.99392110644418, 47.95789092478352, 47.937033652921556, 47.91823597745348, 47.965124875238715, 47.86402636521144, 47.76984456432215, 47.8302968630339, 48.020787927277084, 47.37735735367681, 47.989484488538224, 47.90646725571388, 47.66225171991213, 47.73029328114982, 48.01925730635226, 47.934816953007555, 47.889757662456084, 48.040453417672296]
47.90284570879559
+++++++++++++++topK: 10
==================================================================================================================================
density = 0.05
mae
[27.364696704262926, 27.338299554970877, 27.737769860989978, 27.275988985509116, 27.236110778808495, 27.208596162975866, 26.810579742364823, 27.421325139861015, 27.60794989287102, 27.020036509134865, 27.543822478624303, 27.199799841856247, 27.632199069579965, 27.15942341315407, 27.508844468481254, 27.044743163687393, 27.270216329684832, 27.365008361057175, 27.091136016483095, 27.328770829928537]
27.308265865214292
nmae
[0.5758292178755323, 0.5749568808160286, 0.58343785576664, 0.5736603865536006, 0.5725728713493171, 0.571626050582727, 0.5635390411528851, 0.5765548464462745, 0.5804417369339189, 0.5682326864075948, 0.5792860053920322, 0.5717019026823326, 0.580860774800986, 0.5706974583104826, 0.5783978617189524, 0.5684133453258463, 0.5732890285302241, 0.5752720267121192, 0.5696235410182383, 0.5744644232464632]
0.5741428970811098
rmse
[61.03661679077286, 61.234002898018275, 61.64657036370104, 61.27814748594326, 61.34878242632166, 61.38112424253471, 61.24632628720269, 61.45671938071, 61.36990278071827, 61.1493727769758, 61.300419462142116, 61.188384618989105, 61.636717438856365, 61.326536155631004, 61.00724970245712, 61.56250420548177, 61.34651184908499, 61.240520716165726, 61.43257908803256, 61.40861686973097]
61.32988027697352
==================================================================================================================================
density = 0.1
mae
[22.63550364905936, 22.90165468661799, 22.974501228671535, 22.918557429846842, 22.817179063371928, 22.828602401765828, 22.427757951586834, 22.791115817483593, 22.69838873574088, 22.30048706007636, 22.72882699824959, 22.72491217797169, 22.91299233091519, 22.670097121315287, 22.833399394133693, 22.5572326299408, 22.688232229586355, 22.736522717730917, 22.433080457504293, 22.695001162706596]
22.71370226221378
nmae
[0.4761654183328751, 0.4819210771952582, 0.4832039751466149, 0.4819613993640833, 0.47952121203415177, 0.4794792421545757, 0.4716065982269484, 0.4795423619096524, 0.4772041553673887, 0.46925594244653135, 0.4778316122444058, 0.4778087679186099, 0.4817514354578501, 0.4764179279120171, 0.48032220222395783, 0.4739035701277135, 0.47656533502241605, 0.47803038992074326, 0.47170930853194676, 0.47716042181169366]
0.4775681176674717
rmse
[54.63606502387228, 54.48254025502243, 54.77756745835339, 54.84803045208017, 54.846145515706844, 54.99818777014059, 54.40092456468403, 54.41682111552771, 54.60916944122716, 54.33737103622837, 54.86857622045474, 54.663108616096366, 54.68008469201604, 54.63853792200357, 54.60455678565078, 54.84347868784107, 54.55227703133874, 54.88874898722467, 54.545442496494175, 54.90000086093003]
54.67688174664465
==================================================================================================================================
density = 0.15000000000000002
mae
[20.484167118777876, 20.86104339755318, 20.612186054989774, 20.807125307298435, 20.57605568317609, 20.63633826683387, 20.539019818647112, 20.56970814718963, 20.55430573080508, 20.19196258525267, 20.428515128524648, 20.602964757109078, 20.72316053405557, 20.413382634314654, 20.506751602304266, 20.400329438436884, 20.45503014437888, 20.349699319078454, 20.372740066425916, 20.556672317818137]
20.53205790264851
nmae
[0.43116198822833984, 0.43914083623763234, 0.43364357864123726, 0.4372922699729588, 0.4325754832733098, 0.43352541177231557, 0.43206568292123465, 0.4330631719516068, 0.43214808217316075, 0.4250917990076087, 0.4294354638237488, 0.43322954454308776, 0.4358056426312408, 0.428999547277171, 0.4314023505155965, 0.42885912635378237, 0.4295216936796631, 0.4278250326303015, 0.4287042262950758, 0.43195809225410664]
0.43177245120915897
rmse
[51.16668530609794, 51.255338654733556, 51.02183318828115, 51.345218722880105, 51.15129580000527, 51.166410893174344, 51.012667254870195, 51.0273288847674, 50.903559350179755, 50.73499051061371, 51.134930378362085, 51.004444302262385, 51.21057923696761, 51.022490227285466, 50.85973008173, 51.070621355187136, 51.02206230594569, 51.09853612854057, 51.16861620722302, 51.026759876620204]
51.070204933286384
==================================================================================================================================
density = 0.2
mae
[19.21722599722354, 19.561861016162393, 19.370482122604198, 19.29331066171045, 19.428147300960827, 19.429170587946086, 19.354070114567357, 19.444845124903242, 19.13849714947802, 19.166714885359006, 19.07389791688942, 19.176329024213654, 19.515672842972396, 19.13919760245739, 19.25916051391955, 19.221226045438193, 19.271947651870118, 19.140721898447225, 19.30275627886036, 19.50356191884697]
19.30043983274152
nmae
[0.40458056411399895, 0.4122375180326471, 0.4073108129331801, 0.4053061529412012, 0.4084197183145053, 0.4082142651957257, 0.40680394002809206, 0.4097539161355584, 0.4023381126215316, 0.4033276647438108, 0.40092730165851975, 0.4032374927701117, 0.41038065851380745, 0.4022664564342391, 0.4049374234685075, 0.4039403749524377, 0.40480387214788977, 0.4021082734326031, 0.4063413601445376, 0.4098527378738168]
0.40585443082283607
rmse
[48.67107678714254, 49.15922717036712, 48.915022595444675, 48.90645654916919, 48.86680790390208, 49.083442375790774, 48.8376973546523, 48.61555522165134, 48.61168643637535, 48.71827204711674, 48.93670744708853, 48.33185102384464, 48.857700729758285, 48.82814280519515, 48.666438070208365, 48.84409220624277, 48.88795456847029, 48.89606211256569, 48.99785319131365, 48.909003236563585]
48.82705249164315
+++++++++++++++topK: 15
==================================================================================================================================
density = 0.05
mae
[28.309653820271574, 28.22256183948845, 28.633078997186995, 28.203918793073594, 28.160911501002442, 28.12414959698538, 27.750751352145212, 28.347143616197954, 28.51902181836402, 27.975099599893657, 28.408597534726088, 28.083288400827605, 28.523730359853392, 28.058749143734456, 28.389097982444152, 27.966069234703287, 28.17877342776485, 28.29085024219807, 28.012774717598116, 28.244454470604598]
28.220133822453192
nmae
[0.5957137399997046, 0.5935539659751542, 0.6022698399271873, 0.5931763268329742, 0.5920145533586483, 0.5908609346776464, 0.5833007700146301, 0.5960209053161148, 0.5995965156464607, 0.5883177098148407, 0.5974734624234824, 0.5902716014705104, 0.5996017933758575, 0.5895948737978403, 0.5969059728404532, 0.5877773315538694, 0.5923892003009756, 0.5947352378448019, 0.5890020971684555, 0.5937125510818039]
0.5933144691710706
rmse
[62.20775695968493, 62.36085786334177, 62.771755662536854, 62.4182036672857, 62.4193301925446, 62.50575574490642, 62.432800514598725, 62.59620051304309, 62.55472623830638, 62.31798659717257, 62.384674513787196, 62.25838957692124, 62.745657892736695, 62.39371651326203, 62.063907934780296, 62.66241633598736, 62.47825019204912, 62.39191496529385, 62.55955933420573, 62.50498930768841]
62.451442526006645
==================================================================================================================================
density = 0.1
mae
[23.649712334729635, 23.85372204719647, 23.931412751541068, 23.852841622671768, 23.808951649643053, 23.82443849302675, 23.398027273025892, 23.776798700778766, 23.675266695664504, 23.28675601617922, 23.714185849909075, 23.709806107205335, 23.841903133662306, 23.66227785989786, 23.842509120278105, 23.555810740127583, 23.71754868556903, 23.767761602148028, 23.431916689705968, 23.65791136773484]
23.697977937034768
nmae
[0.49750053464291544, 0.501955495417472, 0.5033299159499398, 0.5016087492619102, 0.5003641037566614, 0.5003952284223565, 0.4920092356655903, 0.5002818773302481, 0.497741746259395, 0.49000941600318554, 0.4985469623486592, 0.4985169207674386, 0.5012820190748984, 0.4972688615917533, 0.5015497819452597, 0.4948826387587109, 0.4981860825855422, 0.4997119606754, 0.49271223540688225, 0.4974055249647647]
0.4982629645414492
rmse
[56.27304443726181, 56.09780104445361, 56.399470809533604, 56.38552522901113, 56.485687103061004, 56.67738872836723, 56.04453539180539, 56.0652049629331, 56.29174405800871, 56.03006962170217, 56.51015226826672, 56.32495385018068, 56.36995293368057, 56.27831632721572, 56.290646005918234, 56.58766176463119, 56.27940493803165, 56.57022212987732, 56.22283295007711, 56.52562259813779]
56.33551185760774
==================================================================================================================================
density = 0.15000000000000002
mae
[21.09725232899445, 21.42105312069913, 21.244809508073885, 21.441840295198187, 21.147571277869197, 21.32154854497619, 21.103840592753546, 21.21297975110073, 21.20394000008037, 20.819911627977532, 21.069134654673043, 21.211343054662002, 21.30344886174624, 21.091871814110238, 21.171561951209714, 21.09895608022536, 21.125292910270694, 21.018711222232323, 20.95598945384791, 21.17716614966324]
21.161911160018196
nmae
[0.4440665421043941, 0.4509294670092055, 0.4469528461491036, 0.45063173680200624, 0.4445905962949345, 0.44792021690398426, 0.4439474414300237, 0.44660625380880853, 0.4458064468612238, 0.4383117119868441, 0.44290216669545945, 0.44602223995687806, 0.44800903830271893, 0.4432584065842746, 0.44538802473289557, 0.4435457720841387, 0.44359609965140795, 0.4418901072443782, 0.44097756196600446, 0.4449965513838428]
0.44501746139762643
rmse
[52.46480148729746, 52.44415060601718, 52.31116424685116, 52.649558745388724, 52.52777063545858, 52.5881852842058, 52.21950139664455, 52.31318231940652, 52.28118431166143, 52.09648954705395, 52.54655657733518, 52.40815021646371, 52.63066348562656, 52.40901739353083, 52.292728091802296, 52.56020187716074, 52.41987217204235, 52.46544148622801, 52.42603251858328, 52.450326763281566]
52.425248958101996
==================================================================================================================================
density = 0.2
mae
[19.83710160140282, 20.11064183380144, 19.99622538084537, 19.90247792022461, 20.03000471517654, 20.105895179121486, 19.945791141874494, 20.033649871414116, 19.835370541527833, 19.831847777455767, 19.710368484210086, 19.843967930490553, 20.07564175320247, 19.807403062588534, 19.882182736663214, 19.890529138520858, 19.887868546409727, 19.814778102774962, 19.937797695270138, 20.13440704915131]
19.930697523106318
nmae
[0.41763081505321326, 0.4238022685449083, 0.42046856469116284, 0.41810329503750865, 0.42107200222874763, 0.4224325062923337, 0.4192413469342928, 0.42216157735231163, 0.41698809914365165, 0.41732414237277615, 0.41430571168529196, 0.41727652173665375, 0.4221558308061749, 0.41631075694255576, 0.41803690480151273, 0.4180059991606709, 0.4177411822501322, 0.41626884574313583, 0.4197095853432706, 0.4231094755356564]
0.4191072715827981
rmse
[50.020171475893854, 50.22723800418006, 50.132080580487525, 50.1796135996603, 50.12180162533446, 50.388824990337675, 49.96652064809978, 49.841660661298846, 49.86619818936206, 49.99068399754888, 50.15918009332933, 49.697339526910106, 50.099869741586396, 50.06393658949881, 49.95761333532703, 50.157644743692806, 50.11400644803612, 50.173894622548566, 50.23781810630293, 50.22298887041459]
50.08095429249251
+++++++++++++++topK: 20
==================================================================================================================================
density = 0.05
mae
[28.704503329428846, 28.598269191360533, 29.011385017941855, 28.592426755661034, 28.545966506194482, 28.491187005987065, 28.13260397316218, 28.732429787754413, 28.88701555539536, 28.35988738171612, 28.76594914939813, 28.459745513966904, 28.897718047029215, 28.422175504998183, 28.741009532671118, 28.35506462539754, 28.564197493872, 28.660511901404785, 28.403709430772103, 28.623196423322458]
28.59744760637172
nmae
[0.6040224702770313, 0.601455537420652, 0.6102271506511198, 0.6013473093082738, 0.6001093966988279, 0.5985720324228968, 0.5913270365846732, 0.6041218489556581, 0.6073333785693549, 0.596409815644819, 0.6049890782950418, 0.5981842055746348, 0.6074634469920596, 0.5972315050142373, 0.6043052254117015, 0.5959530487349346, 0.6004917905319967, 0.6025063303686485, 0.5972219671469469, 0.6016738962436958]
0.6012473235423602
rmse
[62.655007343860454, 62.78271503760785, 63.18455993661751, 62.84068068410857, 62.80433332468779, 62.9095995916854, 62.85080753057317, 63.02359877925568, 62.976827812463775, 62.72392376156966, 62.778451157296864, 62.662991567433004, 63.16282301348711, 62.775274230295764, 62.41395530742323, 63.06176939414901, 62.89667594307283, 62.79372555964298, 62.97204060728331, 62.902941343209804]
62.858635096286186
==================================================================================================================================
density = 0.1
mae
[24.76100643580207, 24.934318082950906, 25.004696089720092, 24.890018179297847, 24.903440926645168, 24.920174438239155, 24.490389354939442, 24.867330409487266, 24.737476738859872, 24.39837896235829, 24.78887217632306, 24.779623653561945, 24.88367600634465, 24.746595495318378, 24.914613483423715, 24.620779202419307, 24.8074762428223, 24.844087845487334, 24.53273016808313, 24.725197640249412]
24.777544076616667
nmae
[0.5208779610404942, 0.5246945512931156, 0.5259034103777325, 0.5234198543521519, 0.523365668639366, 0.5234094555469804, 0.5149792162849374, 0.5232274915563963, 0.5200733334212473, 0.5134006393360747, 0.521140257640447, 0.5210106580245559, 0.5231855561418844, 0.5200560758811789, 0.5241025135745375, 0.5172564983820576, 0.5210799637049016, 0.5223414832357771, 0.5158594784122108, 0.5198451258414428]
0.5209614596343745
rmse
[57.82996908964846, 57.67536040621023, 57.94113140845773, 57.87316697882222, 58.02673602392788, 58.22661993764843, 57.627901806516164, 57.61293281816665, 57.85918048063344, 57.599866019082434, 58.0423076329404, 57.882704565504774, 57.92187594425693, 57.806245442657634, 57.85024821242064, 58.10747750127982, 57.86477689679254, 58.072467500176494, 57.80062039848318, 58.013011393972505]
57.881730022879935
==================================================================================================================================
density = 0.15000000000000002
mae
[21.82195487661879, 22.09823147161546, 21.947460574935924, 22.127428175093915, 21.841188885765327, 22.053236017683126, 21.795686622582146, 21.933255037727722, 21.904015408866208, 21.50836348179418, 21.80437429535035, 21.884499151680316, 21.98334667957797, 21.843896757175713, 21.898691034718375, 21.84275568858851, 21.877749967442725, 21.78724824521913, 21.648044387189525, 21.88590420870332]
21.87436654841644
nmae
[0.4593204789374625, 0.4651845865464333, 0.46173536957273514, 0.46504037210543236, 0.45917268999464556, 0.46329140867223134, 0.45850134565688705, 0.4617705282882039, 0.46052532130269785, 0.4528053619148003, 0.4583579144152237, 0.460177052759585, 0.4623072099033685, 0.45906266430557513, 0.4606847036919678, 0.4591820514485247, 0.45939644936179747, 0.4580475635183717, 0.4555404962489999, 0.4598892896226807]
0.4599996429133812
rmse
[53.836974352425585, 53.753270133261914, 53.69460899559082, 53.98890157976401, 53.924101971635075, 54.02815795439961, 53.633724205653344, 53.671812429804085, 53.74033919548467, 53.474183478535664, 53.993181103827446, 53.813545391407814, 54.02886833390152, 53.830843049594925, 53.706869368852324, 53.982708854122194, 53.90972519209797, 53.92913870533526, 53.82702389082718, 53.87961396771165]
53.83237960771165
==================================================================================================================================
density = 0.2
mae
[20.350614514759783, 20.617173327981018, 20.5328127222536, 20.442857914137715, 20.533340131905593, 20.66483201072833, 20.434851936377417, 20.550415390181715, 20.43915565772057, 20.365930826782524, 20.24536886521728, 20.358712568108274, 20.572236028588215, 20.379118951930447, 20.408759686139202, 20.439104230784185, 20.406850177204213, 20.379841769956126, 20.437060052125652, 20.624359900456515]
20.459169833166918
nmae
[0.4284418105733679, 0.4344766765571845, 0.431751599612818, 0.4294553817943957, 0.43165315059733284, 0.43417598175220584, 0.42952093448044476, 0.4330511829870544, 0.42968114197667173, 0.42856292118034117, 0.4255512504880116, 0.4281005087900539, 0.43259834474800785, 0.4283270456956011, 0.42910855629040295, 0.4295344848012113, 0.42864230016069516, 0.4281397029028204, 0.4302195323281897, 0.4334054675381466]
0.4302198987627479
rmse
[51.23982654016006, 51.314298585553566, 51.30029352380421, 51.35913493074578, 51.34115681767972, 51.60857907854998, 51.075327896644, 51.02135111962017, 51.123894609504404, 51.20111721834049, 51.36520162368235, 50.98782001782015, 51.33210709587374, 51.26577319771353, 51.1912651841314, 51.38179740736063, 51.29558388033533, 51.37846423256266, 51.357237407845574, 51.379284650984204]
51.2759757509456
+++++++++++++++topK: 25
==================================================================================================================================
density = 0.05
mae
[28.777056714034554, 28.6689493254585, 29.079578456206722, 28.66575212072288, 28.613267460610384, 28.55183415930853, 28.202980344134573, 28.805818438913516, 28.954732867030444, 28.427045959878118, 28.826988861972637, 28.52603410794018, 28.970779794571847, 28.489834190194223, 28.807849959847086, 28.42764498982565, 28.63609440306976, 28.723325030755973, 28.474812393547474, 28.68988503669876]
28.66601323073609
nmae
[0.6055491949896504, 0.6029420245137834, 0.6116615353762798, 0.6028894663053276, 0.6015242352940815, 0.5998461699243166, 0.5928062971228156, 0.6056649028483538, 0.6087570972496077, 0.5978221638210105, 0.6062728308059725, 0.5995774994783032, 0.6089992894047124, 0.5986532082325504, 0.6057106046961442, 0.5974785077677622, 0.6020032456935549, 0.6038267990397786, 0.598716991992282, 0.6030757242314504]
0.6026888894393869
rmse
[62.73592306973528, 62.85494798863408, 63.253601937079196, 62.910590601340374, 62.86811839373804, 62.97469766440341, 62.91599424724584, 63.10543001148504, 63.04368479010558, 62.78527914027697, 62.83648513600347, 62.73048758170197, 63.23919601004808, 62.832473733034426, 62.47523743816957, 63.134011094830704, 62.96603957848562, 62.85518554995017, 63.040202086663236, 62.961670129054994]
62.92596280909929
==================================================================================================================================
density = 0.1
mae
[25.79064452397744, 25.935580588928072, 26.000822557634233, 25.884903608834367, 25.89900188150173, 25.92395536448895, 25.51648568144747, 25.88370774031079, 25.742388209033585, 25.423599057838175, 25.782480367125746, 25.76929107382581, 25.87988661518362, 25.773126216465826, 25.91706652044724, 25.60384088605738, 25.81471948710985, 25.852783539173217, 25.554408981932145, 25.727919013401543]
25.78383059573586
nmae
[0.5425376536450306, 0.5457641863058946, 0.5468541271856422, 0.5443416063120684, 0.544288175948477, 0.5444923107011024, 0.5365557732926511, 0.5446128414320986, 0.5412002924722283, 0.5349737386510584, 0.5420290348653808, 0.5418191771960335, 0.5441311351345931, 0.5416288832886631, 0.5451900635296678, 0.5379095833226931, 0.5422370644126862, 0.5435490883630117, 0.5373427253401306, 0.5409272553351877]
0.5421192358367148
rmse
[59.110135072602155, 58.98825435639877, 59.19920732395253, 59.12966119599581, 59.26206410662873, 59.47255341130353, 58.91528533954845, 58.89403237651476, 59.14530840210452, 58.87861248034941, 59.26583235622748, 59.136044376197034, 59.17982362531195, 59.07067345425355, 59.10329039105289, 59.31737655473905, 59.14823404554639, 59.30019178935005, 59.071793396552565, 59.24396617255622]
59.14161701135929
==================================================================================================================================
density = 0.15000000000000002
mae
[22.64764040883526, 22.905924373379882, 22.76067454875746, 22.90752335101096, 22.679890437314484, 22.870638924994424, 22.61076040276158, 22.741771458671703, 22.683628536603194, 22.314407082326927, 22.630976670131734, 22.67375400066215, 22.793121014136045, 22.670996861638034, 22.722058497149327, 22.667393078916817, 22.72109241306189, 22.652721813143245, 22.462083104831667, 22.71318490439902]
22.691512094136293
nmae
[0.47669996103490536, 0.48218713668472746, 0.47884393907954226, 0.4814352169114115, 0.4768049191531278, 0.480463298733054, 0.47564751001009997, 0.4787925824332356, 0.476916452309552, 0.469774615041254, 0.47573423236974816, 0.4767731360312821, 0.4793366694628029, 0.47644467182111444, 0.47800595795589823, 0.4765177161416905, 0.4771052414309128, 0.4762429801499412, 0.47267033923934604, 0.4772729685346426]
0.4771834772264144
rmse
[55.16633670694617, 55.08314832244696, 55.038837711844806, 55.29360544643211, 55.272950398196535, 55.37756744410877, 55.008400866335286, 55.01694944207492, 55.10802419717165, 54.81317133730124, 55.386840486300635, 55.16311870593588, 55.39936455649163, 55.19113765649957, 55.058735272691706, 55.31820855502195, 55.328138465779475, 55.33452162883216, 55.20057745695899, 55.24937109518963]
55.190450287628
==================================================================================================================================
density = 0.2
mae
[20.881136959593512, 21.149063940599973, 21.078186812986008, 20.994194114585394, 21.051943089546835, 21.2027877122862, 20.940255163803673, 21.066738584104677, 21.01575104967808, 20.849873173777226, 20.782165609122668, 20.864888208336975, 21.080334685260674, 20.935995233929233, 20.92696112680126, 20.963215070865367, 20.934784634480295, 20.940007432708548, 20.927189856687875, 21.119615582777957]
20.985254402096622
nmae
[0.43961090802983627, 0.44568549078144165, 0.4432193969987019, 0.4410376321556127, 0.4425552541585114, 0.44547863568821783, 0.4401440242493076, 0.443931467676522, 0.4418025901726595, 0.43874658269205447, 0.43683454827071067, 0.43874430801822745, 0.443282775820048, 0.4400314365109801, 0.4400041068035056, 0.4405488461514476, 0.4397314706174712, 0.43990766278859034, 0.4405372304100591, 0.44381289456053374]
0.44128236312772195
rmse
[52.39335018948732, 52.40457049936725, 52.46484895245732, 52.49226000156012, 52.54725622003103, 52.76900111763251, 52.21444331864817, 52.152827304514375, 52.348835573110534, 52.31726156034805, 52.5453843915796, 52.21988817271867, 52.49991145515281, 52.43885074200693, 52.32973346973173, 52.56373036775933, 52.46218739194623, 52.57914588067218, 52.47971411541155, 52.54010563260868]
52.43816531783722
+++++++++++++++topK: 30
==================================================================================================================================
density = 0.05
mae
[28.782818164092138, 28.67515264863268, 29.086424089987577, 28.67099028601231, 28.618291104413235, 28.556102363734944, 28.210489238471638, 28.810598208076648, 28.961570943218216, 28.43315858614532, 28.83007265837426, 28.531870335081972, 28.97958140071422, 28.496741968934426, 28.814622043302023, 28.432948329282702, 28.644657139062485, 28.727664970655095, 28.479822906209584, 28.69562741509311]
28.671960239974727
nmae
[0.6056704318999784, 0.6030724877613511, 0.6118055268332168, 0.6029996338202933, 0.6016298451654833, 0.5999358407336717, 0.5929641286637779, 0.6057654012400925, 0.6089008639847372, 0.5979507126497157, 0.6063376874575982, 0.599700168842815, 0.6091843093428823, 0.5987983604955287, 0.6058529937592038, 0.5975899707941972, 0.6021832560953604, 0.6039180340209135, 0.5988223440145513, 0.6031964318956516]
0.6028139214735512
rmse
[62.74217667866848, 62.860010296440606, 63.26311989645764, 62.9150326113867, 62.87275744642937, 62.97871291745246, 62.92362309845077, 63.11102118943755, 63.0510888574613, 62.78948078381476, 62.83842726771129, 62.736908122694565, 63.250164041024824, 62.837331798552874, 62.48060337375611, 63.13801498387042, 62.975258017016635, 62.85884660754794, 63.04530086791186, 62.96598360604541]
62.931693123106584
==================================================================================================================================
density = 0.1
mae
[26.617567466312284, 26.742074636209022, 26.793630017323625, 26.686106903412554, 26.67257445944354, 26.717796268159884, 26.341739775423243, 26.69852066614268, 26.544594560985725, 26.239925095643013, 26.595415074543354, 26.560959219070238, 26.692188354999793, 26.59000704879637, 26.720328134977436, 26.41182066205196, 26.64311541492602, 26.66574900890723, 26.383854013966115, 26.527189732464812]
26.592257825687945
nmae
[0.5599329859897689, 0.5627352953954184, 0.563528600865607, 0.5611903570334875, 0.5605454205070961, 0.5611657026234217, 0.5539090583054868, 0.5617571233574353, 0.5580656395711127, 0.5521512040212896, 0.5591194857683114, 0.5584646092275078, 0.5612099838301149, 0.5587958443037547, 0.5620874330800046, 0.5548843827901855, 0.5596374849864892, 0.560641508576679, 0.5547837960511804, 0.557731852555331]
0.5591168884419842
rmse
[60.03739474105284, 59.927855703570664, 60.11131611117097, 60.026816411058604, 60.107085779547724, 60.367707147844975, 59.856392935186285, 59.825046042205734, 60.06930801487926, 59.805514363112316, 60.17223761169876, 60.02447423392188, 60.10398757016871, 59.9810656794946, 60.00099162843722, 60.193055480352385, 60.064749101796245, 60.200198457807126, 59.997104542333034, 60.13571959874393]
60.05040105771916
==================================================================================================================================
density = 0.15000000000000002
mae
[23.51494334326532, 23.765720329618482, 23.621961630778454, 23.731355522148935, 23.569962988371326, 23.731984884107927, 23.467828071173837, 23.60841937766595, 23.510613771015926, 23.191591163237607, 23.51855670552876, 23.517110941582427, 23.652590777891056, 23.550938297179812, 23.58626478464032, 23.52661437294019, 23.585957379725357, 23.5398658010779, 23.331585023800898, 23.58766410610675]
23.555576463592857
nmae
[0.4949554290476779, 0.5002864957637964, 0.4969638809182507, 0.49874925885007904, 0.49551713347885656, 0.4985583385009979, 0.4936770718261927, 0.49703850474187006, 0.4943035675795838, 0.4882415549160087, 0.49439238455474, 0.49450685288754537, 0.49741121808678496, 0.4949371717776519, 0.49618634220125474, 0.49458040942374876, 0.49526597073140627, 0.49489398818867364, 0.49096729616405993, 0.49564843134523323]
0.49535406504922064
rmse
[56.3811681333303, 56.314230008373485, 56.275552562734, 56.49626726389244, 56.518304176810446, 56.62374071128788, 56.25236501238651, 56.26166764124904, 56.344606953301444, 56.04825513654936, 56.650249587747, 56.414472532716815, 56.64917222834992, 56.429109656978284, 56.292428310478506, 56.51404194054506, 56.59022024258753, 56.59093923980424, 56.443131737417836, 56.49622363198581]
56.42930733542629
==================================================================================================================================
density = 0.2
mae
[21.488491466174736, 21.74523400007789, 21.681839486751958, 21.59634583489583, 21.65072483137122, 21.780618833305113, 21.524936304434707, 21.649442391223268, 21.626296658651874, 21.405121177441277, 21.396590671338696, 21.45252041327496, 21.67383511831124, 21.54637693773826, 21.531226398406577, 21.55757804739331, 21.543434765209327, 21.556271872926164, 21.485156957566858, 21.685793268119053]
21.578891771730618
nmae
[0.4523975521024674, 0.4582489000317935, 0.45591264127236797, 0.45368739463159363, 0.45514288109686024, 0.4576190873563039, 0.45243345950818886, 0.4562105660895071, 0.4546377551318151, 0.4504307383760602, 0.44974956875257627, 0.4511009658900738, 0.4557630577197944, 0.4528604009306809, 0.45270921001911596, 0.45303957921025395, 0.45251605960417507, 0.45285414575556343, 0.4522829680348651, 0.45571069432786093]
0.45376538129209587
rmse
[53.527811134902166, 53.49061194993678, 53.579838182240366, 53.60434346846531, 53.715275163401735, 53.88361615363147, 53.35926250218489, 53.25933285814232, 53.539351038396234, 53.42072231016087, 53.71962729626506, 53.41027134839471, 53.647469148039214, 53.56867509279954, 53.46940629029406, 53.70773411782901, 53.62801829989822, 53.73532841628449, 53.57921419858784, 53.67685476836047]
53.57613818691074
+++++++++++++++topK: 35
==================================================================================================================================
density = 0.05
mae
[28.7828855399465, 28.675143281436373, 29.086804597634586, 28.671117063626888, 28.618450033853776, 28.55613135163124, 28.211127384751176, 28.81074063253209, 28.961724561434703, 28.433243248184358, 28.8301174450217, 28.532006108885163, 28.980174854127462, 28.496886388025434, 28.814774444676647, 28.43332882607941, 28.6447156326497, 28.72773308565058, 28.480020564733273, 28.695856728304864]
28.672149088659296
nmae
[0.6056718496750753, 0.6030722907580972, 0.6118135304530746, 0.6030023001689058, 0.6016331862697567, 0.5999364497410816, 0.5929775420381227, 0.6057683958258617, 0.6089040937219957, 0.5979524930965282, 0.6063386293848892, 0.5997030226190218, 0.6091967844198226, 0.5988013951552457, 0.6058561981333208, 0.5975979678920359, 0.6021844857787404, 0.6039194659463485, 0.5988265000214499, 0.6032012521739859]
0.602817891663668
rmse
[62.74221157359621, 62.86002779907283, 63.2637386098072, 62.91515507383982, 62.87285366226025, 62.978759265700525, 62.92408338284395, 63.11108194372274, 63.05117150838083, 62.789509920621015, 62.838466758516844, 62.736991660238125, 63.25063363401205, 62.837451294022884, 62.48068749808772, 63.13820599845672, 62.97527699312611, 62.85885044798619, 63.04560829185, 62.96609917069455]
62.93184322434183
==================================================================================================================================
density = 0.1
mae
[27.13899991563246, 27.247501243255783, 27.288715332691904, 27.18215864549189, 27.154372756080846, 27.213573167569137, 26.853152956813766, 27.21384972888038, 27.045048742558773, 26.761454129613657, 27.115298439220485, 27.05437715269576, 27.20315662413835, 27.09417457008147, 27.221114538713806, 26.924660256450668, 27.16373422960629, 27.17635631794602, 26.910767309605777, 27.040807565242268]
27.10016368111448
nmae
[0.5709019533347122, 0.5733710218634036, 0.5739413271329402, 0.571621981820578, 0.5706707958884194, 0.5715787243153719, 0.5646629567238947, 0.5726000376704042, 0.5685870390324586, 0.5631254306240464, 0.5700490733947142, 0.5688391010225999, 0.5719532203998223, 0.5693910545724106, 0.5726219498260424, 0.5656585995868775, 0.570573060633213, 0.5713769149563822, 0.5658634115686887, 0.5685306227330044]
0.5697959138549992
rmse
[60.579211229876044, 60.46412264346732, 60.64227662802618, 60.53291212703457, 60.590736542407974, 60.886109540515136, 60.40884240425238, 60.38360008631402, 60.59787922882505, 60.35479707156687, 60.700974762548306, 60.521945887451686, 60.63325828697364, 60.5068561624154, 60.50969536154491, 60.69688416598589, 60.58686610363114, 60.73051117625245, 60.53645228763783, 60.671039344327475]
60.576748552052706
==================================================================================================================================
density = 0.15000000000000002
mae
[24.36445064411891, 24.614420854806784, 24.474346098534333, 24.558346138147343, 24.439074221288234, 24.576797911053298, 24.3153243516813, 24.470240854860293, 24.336254352392157, 24.05505224838593, 24.381567728498393, 24.357799521315695, 24.496291554465056, 24.41388861782503, 24.433479883184283, 24.371958215720294, 24.41764268448579, 24.404344097230343, 24.190921867919258, 24.448908963585083]
24.40605554047489
nmae
[0.5128363248012944, 0.5181522875769816, 0.5148965276540095, 0.5161296801420789, 0.5137886728538541, 0.5163060566592009, 0.5115052867285523, 0.5151828138345974, 0.5116624119248506, 0.5064195910781221, 0.5125340623322152, 0.5121844606878863, 0.5151541467544013, 0.5130725932073751, 0.5140092812991809, 0.5123513686122884, 0.5127299821842252, 0.5130684805711171, 0.5090503490908351, 0.5137458004061556]
0.513239008919961
rmse
[57.44399523529536, 57.421744048990256, 57.37009890180355, 57.55817699054805, 57.59496358272309, 57.709262406874394, 57.346311489425915, 57.375556179195556, 57.43173145192344, 57.1498342710814, 57.7297941754937, 57.50660271257527, 57.73390544528747, 57.51425749427042, 57.382224094770926, 57.559921055647514, 57.66300693945695, 57.68521838289257, 57.535898787546806, 57.58971328285973]
57.51511084643312
==================================================================================================================================
density = 0.2
mae
[22.152002364887434, 22.401922025115685, 22.352484363207704, 22.247132587268887, 22.314407296196105, 22.415263394174385, 22.16390232403733, 22.305081285011966, 22.269353649174153, 22.03361539119439, 22.08329682143591, 22.100388059209887, 22.34070212974935, 22.227434252631678, 22.212921328799155, 22.216622355725864, 22.21759297609054, 22.239856652376464, 22.122188008758382, 22.320514205696995]
22.236834073537118
nmae
[0.4663664575904787, 0.4720876366090381, 0.470014557171503, 0.4673588624068416, 0.4690948550620077, 0.4709532110083162, 0.4658639107145616, 0.47002659818310505, 0.46815638900646456, 0.4636562235494049, 0.4641839148411646, 0.4647242472211255, 0.46978611116494656, 0.4671748209174215, 0.4670423263823761, 0.46688961168938936, 0.46667663429723294, 0.4672148943661927, 0.4656930769362013, 0.46904887917504884]
0.467600660914641
rmse
[54.60007056858178, 54.53820632233087, 54.655122061540695, 54.653877837838984, 54.80547772859576, 54.937096212429026, 54.44899038035369, 54.3365567099662, 54.6316746438829, 54.470459196461384, 54.83748111255029, 54.51218841739701, 54.754864324629494, 54.66506727519761, 54.573326901610365, 54.78579620079223, 54.74948838158838, 54.82218438744888, 54.6563985131768, 54.73664236296074]
54.65854847696666
+++++++++++++++topK: 40
==================================================================================================================================
density = 0.05
mae
[28.782892354823755, 28.675143281436373, 29.086804597634586, 28.671117063626888, 28.618450033853776, 28.55613135163124, 28.211127384751176, 28.81074063253209, 28.961724561434703, 28.433243248184358, 28.8301174450217, 28.532006108885163, 28.980213597560727, 28.496886388025434, 28.814774444676647, 28.43332882607941, 28.6447156326497, 28.72773308565058, 28.480026357808104, 28.695856728304864]
28.672151656228568
nmae
[0.6056719930790195, 0.6030722907580972, 0.6118135304530746, 0.6030023001689058, 0.6016331862697567, 0.5999364497410816, 0.5929775420381227, 0.6057683958258617, 0.6089040937219957, 0.5979524930965282, 0.6063386293848892, 0.5997030226190218, 0.6091975988515879, 0.5988013951552457, 0.6058561981333208, 0.5975979678920359, 0.6021844857787404, 0.6039194659463485, 0.5988266218277778, 0.6032012521739859]
0.6028179456457698
rmse
[62.74221311378862, 62.86002779907283, 63.2637386098072, 62.91515507383982, 62.87285366226025, 62.978759265700525, 62.92408338284395, 63.11108194372274, 63.05117150838083, 62.789509920621015, 62.838466758516844, 62.736991660238125, 63.25066267402495, 62.837451294022884, 62.48068749808772, 63.13820599845672, 62.97527699312611, 62.85885044798619, 63.04560950987845, 62.96609917069455]
62.93184481425352
==================================================================================================================================
density = 0.1
mae
[27.36358456374684, 27.473035528548312, 27.499489805301593, 27.401818533822116, 27.36492447739296, 27.43047931898253, 27.079596860820477, 27.44197118451036, 27.258817260154885, 26.984180019284807, 27.340531156508774, 27.270209962322365, 27.42320216721428, 27.312811148068686, 27.442000750584775, 27.152024667999264, 27.391801047349723, 27.39115187815583, 27.132690369812792, 27.269088953439596]
27.321170482701046
nmae
[0.5756263652399436, 0.5781169551682206, 0.578374374971965, 0.5762412772316374, 0.5750957082020339, 0.5761345002348962, 0.5694245757626037, 0.5773998861074496, 0.5730812445935327, 0.5678121196180276, 0.5747841753179389, 0.5733771519526302, 0.5765797333716746, 0.573985758551535, 0.5772685006919651, 0.570435285101476, 0.5753635942589954, 0.5758929443719211, 0.5705298760551799, 0.5733302190274954]
0.5744427122915561
rmse
[60.801812539491046, 60.692122170093036, 60.85213132936689, 60.74430777195776, 60.78687342531588, 61.102383876711215, 60.64035688118763, 60.627726780824496, 60.802284483675415, 60.56918927687982, 60.91923063237619, 60.726052316530215, 60.84320252186916, 60.715647117927205, 60.71405304384609, 60.902826523837966, 60.8055742796686, 60.93069327974277, 60.74730764369629, 60.89599848444653]
60.79098871897222
==================================================================================================================================
density = 0.15000000000000002
mae
[25.17132305798202, 25.41741215101113, 25.262668564534934, 25.342332404545527, 25.23867838228531, 25.37152566354273, 25.114195991645666, 25.27703310175695, 25.1190539913227, 24.87287538446023, 25.18603310465859, 25.151521232711477, 25.287378089114625, 25.225667095484905, 25.222170003041484, 25.17171573846378, 25.19951723621225, 25.206440256370517, 25.000951630345845, 25.239502801150227]
25.20389979403205
nmae
[0.5298198180617504, 0.5350558653408857, 0.5314814242956266, 0.5326063019241678, 0.5305989479472226, 0.5330015901249706, 0.5283106174471214, 0.5321685681801089, 0.5281205383690187, 0.5236368331721509, 0.5294450301518548, 0.5288744710614323, 0.5317906040671414, 0.5301326074952584, 0.5306010252347046, 0.5291640045814121, 0.529148050470224, 0.5299314725041263, 0.5260958315072805, 0.5303585770532048]
0.5300171089494832
rmse
[58.36119499855003, 58.381854159578126, 58.30070395678011, 58.471653617416365, 58.51124682840462, 58.638963412385074, 58.27688722112685, 58.328698322796335, 58.35235489965946, 58.102861290996174, 58.65105792518467, 58.43892364706819, 58.64995418959049, 58.4432262832483, 58.31390966857919, 58.47566405509326, 58.56983736054042, 58.613260417438156, 58.47253556797617, 58.51123556270461]
58.443301169255825
==================================================================================================================================
density = 0.2
mae
[22.843487671389976, 23.07660908744765, 23.038327996633083, 22.921176170237526, 22.996570267612334, 23.073322826530266, 22.833684543624027, 22.981571331281195, 22.94153505380099, 22.69470355950143, 22.79352192939743, 22.786742238613176, 23.03176090653332, 22.922571708627057, 22.911346170108644, 22.901355568063074, 22.906802491029953, 22.940596074403807, 22.791368754275464, 22.985542560363285]
22.918629845473685
nmae
[0.48092430872995945, 0.48630567648748674, 0.48443606336362555, 0.4815189003763698, 0.48343532738365946, 0.48477929001762454, 0.4799420888071142, 0.48428201877941185, 0.48228728944052646, 0.47756758753159245, 0.47911262198565474, 0.47915681865361415, 0.48431787536135634, 0.4817851764279404, 0.4817272009137379, 0.4812795049188862, 0.48115335898580225, 0.4819360276971374, 0.479779967450057, 0.4830239516801542]
0.4819375527495856
rmse
[55.596990352719665, 55.5144696495236, 55.64396464278895, 55.62397271735544, 55.78783164258263, 55.90542972463702, 55.44996690718853, 55.337764897407524, 55.63045332998668, 55.43538492806811, 55.85576915102156, 55.53902451289734, 55.77330781677487, 55.65498170050702, 55.57085415875246, 55.77558001126227, 55.759342470918654, 55.809775254428125, 55.63227125655285, 55.70996097846168]
55.65035480519175
+++++++++++++++topK: 45
==================================================================================================================================
density = 0.05
mae
[28.782892354823755, 28.675143281436373, 29.086804597634586, 28.671117063626888, 28.618450033853776, 28.55613135163124, 28.211127384751176, 28.81074063253209, 28.961724561434703, 28.433243248184358, 28.8301174450217, 28.532006108885163, 28.980213597560727, 28.496886388025434, 28.814774444676647, 28.43332882607941, 28.6447156326497, 28.72773308565058, 28.480026357808104, 28.695856728304864]
28.672151656228568
nmae
[0.6056719930790195, 0.6030722907580972, 0.6118135304530746, 0.6030023001689058, 0.6016331862697567, 0.5999364497410816, 0.5929775420381227, 0.6057683958258617, 0.6089040937219957, 0.5979524930965282, 0.6063386293848892, 0.5997030226190218, 0.6091975988515879, 0.5988013951552457, 0.6058561981333208, 0.5975979678920359, 0.6021844857787404, 0.6039194659463485, 0.5988266218277778, 0.6032012521739859]
0.6028179456457698
rmse
[62.74221311378862, 62.86002779907283, 63.2637386098072, 62.91515507383982, 62.87285366226025, 62.978759265700525, 62.92408338284395, 63.11108194372274, 63.05117150838083, 62.789509920621015, 62.838466758516844, 62.736991660238125, 63.25066267402495, 62.837451294022884, 62.48068749808772, 63.13820599845672, 62.97527699312611, 62.85885044798619, 63.04560950987845, 62.96609917069455]
62.93184481425352
==================================================================================================================================
density = 0.1
mae
[27.428298383945933, 27.534663253273028, 27.55501882764692, 27.463162180910317, 27.43044769283194, 27.490804654489974, 27.140388127048976, 27.505430372928313, 27.325355427827233, 27.045050460156364, 27.403678420233636, 27.332781778723078, 27.484546519493545, 27.373287558475063, 27.505673892401024, 27.21588511264902, 27.45275795652644, 27.443522591264323, 27.195682936765003, 27.330918289573273]
27.38286772185817
nmae
[0.5769876993522641, 0.5794137915711283, 0.5795422716791101, 0.5775312916700778, 0.5764727308215439, 0.5774015399617606, 0.5707028828644468, 0.5787351155601238, 0.5744801231867863, 0.5690929802566929, 0.576111729917954, 0.574692772548508, 0.5778695138307678, 0.5752566858871868, 0.5786079255919455, 0.5717769254172872, 0.5766439914953148, 0.5769940270976519, 0.5718544458241855, 0.5746301754319199]
0.5757399309983328
rmse
[60.86300084317406, 60.74886400753079, 60.91149423591375, 60.79843526862793, 60.84456747667109, 61.15870927531346, 60.693612998497514, 60.695294393682744, 60.866658536549984, 60.62082728453995, 60.97666981453567, 60.782270293575024, 60.902852309912035, 60.767635111073226, 60.77091926544355, 60.95479074737861, 60.86231749855414, 60.97320018747604, 60.80243826277178, 60.95061921296348]
60.84725885120925
==================================================================================================================================
density = 0.15000000000000002
mae
[25.880640678314226, 26.108160441043342, 25.94608843013459, 26.033001080654277, 25.922767577597444, 26.057032425272958, 25.81010164296943, 25.982063834414763, 25.813651229599646, 25.58133086637765, 25.877701537491994, 25.833847392908854, 25.983648700716838, 25.930824823754648, 25.91700402038022, 25.872722694896897, 25.88772236781782, 25.90331927985682, 25.715347412033935, 25.926797086085063]
25.899188676116076
nmae
[0.5447499245041779, 0.5495966424215776, 0.5458593575940409, 0.5471217176153913, 0.5449807234838311, 0.5474026237438773, 0.5429499212280626, 0.5470118923159389, 0.5427242359268636, 0.5385516099826543, 0.5439848512008804, 0.5432221076805818, 0.5464330936061232, 0.5449519224322251, 0.5452183100251656, 0.5439006896830456, 0.5435992163516632, 0.5445824158073959, 0.5411288849825849, 0.5448007164981319]
0.5446385428542106
rmse
[59.11118347499461, 59.144584971998974, 59.05064839762626, 59.217082809812766, 59.241799274470665, 59.388376825512495, 59.027971538526025, 59.10465071836934, 59.10438924205244, 58.86933587033695, 59.385384456782774, 59.169248726840934, 59.397186548843884, 59.191194288124535, 59.0813030873393, 59.213218536520316, 59.29862993081313, 59.36090289757401, 59.23798675819366, 59.24549424054247]
59.19202862976378
==================================================================================================================================
density = 0.2
mae
[23.54490155888007, 23.76010352094544, 23.726492648334922, 23.604982063177427, 23.681147662432597, 23.73680536103871, 23.516481251465603, 23.663797476706847, 23.610303588242402, 23.377307205127256, 23.501846559902386, 23.48392385375424, 23.72315449250784, 23.61101305059692, 23.598784905533023, 23.58426162668855, 23.588998063436918, 23.633461667604504, 23.468883015676717, 23.66305899258828]
23.60398542823203
nmae
[0.4956911864426499, 0.5007093187903056, 0.4989063745279236, 0.49588402104879165, 0.4978265558639553, 0.4987193104661862, 0.49429381892609814, 0.49865831403826233, 0.49634644297940106, 0.49193170449073714, 0.49400138169507724, 0.4938170680756971, 0.4988566800127481, 0.4962547934332788, 0.4961810848259679, 0.49563099991334497, 0.4954827570446273, 0.49649174763711473, 0.4940422863913476, 0.49726145177666636]
0.49634936491900916
rmse
[56.50037863693424, 56.42551696473058, 56.55415695169744, 56.52485426134735, 56.69088852691508, 56.79149758972435, 56.361904752882324, 56.26400128573566, 56.529054566766526, 56.33119240643421, 56.77195051460089, 56.470941235402115, 56.68663827968606, 56.54457164871601, 56.475151871507954, 56.650852947613814, 56.659737254631295, 56.70404132041293, 56.52576541233633, 56.596878039200824]
56.55299872336379
+++++++++++++++topK: 50
==================================================================================================================================
density = 0.05
mae
[28.782892354823755, 28.675143281436373, 29.086804597634586, 28.671117063626888, 28.618450033853776, 28.55613135163124, 28.211127384751176, 28.81074063253209, 28.961724561434703, 28.433243248184358, 28.8301174450217, 28.532006108885163, 28.980213597560727, 28.496886388025434, 28.814774444676647, 28.43332882607941, 28.6447156326497, 28.72773308565058, 28.480026357808104, 28.695856728304864]
28.672151656228568
nmae
[0.6056719930790195, 0.6030722907580972, 0.6118135304530746, 0.6030023001689058, 0.6016331862697567, 0.5999364497410816, 0.5929775420381227, 0.6057683958258617, 0.6089040937219957, 0.5979524930965282, 0.6063386293848892, 0.5997030226190218, 0.6091975988515879, 0.5988013951552457, 0.6058561981333208, 0.5975979678920359, 0.6021844857787404, 0.6039194659463485, 0.5988266218277778, 0.6032012521739859]
0.6028179456457698
rmse
[62.74221311378862, 62.86002779907283, 63.2637386098072, 62.91515507383982, 62.87285366226025, 62.978759265700525, 62.92408338284395, 63.11108194372274, 63.05117150838083, 62.789509920621015, 62.838466758516844, 62.736991660238125, 63.25066267402495, 62.837451294022884, 62.48068749808772, 63.13820599845672, 62.97527699312611, 62.85885044798619, 63.04560950987845, 62.96609917069455]
62.93184481425352
==================================================================================================================================
density = 0.1
mae
[27.44001020074384, 27.54632751805777, 27.56516014966293, 27.474350830726472, 27.44123508004344, 27.500922350513473, 27.150989849832662, 27.518396500852266, 27.337302972974946, 27.055759382507198, 27.41387248445432, 27.34314782303925, 27.49585467363162, 27.384031302821956, 27.516255019175965, 27.22804357710196, 27.46481676366168, 27.450991659274642, 27.206728465564183, 27.340290308314707]
27.39372434564776
nmae
[0.5772340716986221, 0.5796592434883227, 0.5797555658465265, 0.5777665812313382, 0.5766994363654665, 0.5776140464103079, 0.5709258138604096, 0.5790079327253416, 0.5747313048128174, 0.5693183217677007, 0.5763260412918875, 0.574910726608093, 0.5781072706200042, 0.5754824684408465, 0.5788305096245209, 0.5720323618799973, 0.5768972862167467, 0.5771510626099703, 0.5720867045530792, 0.5748272213092842]
0.5759681985680641
rmse
[60.87552520242039, 60.75656469278383, 60.9223158404028, 60.807049164046354, 60.8536206987964, 61.16709337315395, 60.701022407559876, 60.71030607482595, 60.87791138840491, 60.62970393590686, 60.98606573143489, 60.79138714820215, 60.91435054092764, 60.77551474180763, 60.78039157646601, 60.96323396802005, 60.87436840783712, 60.97860431912468, 60.81143613281302, 60.95877572244777]
60.85676205336913
==================================================================================================================================
density = 0.15000000000000002
mae
[26.410788637892832, 26.627347913046375, 26.47671813751352, 26.55852106537107, 26.43504685277387, 26.57649973974595, 26.34585401042999, 26.51896605225807, 26.345752208495117, 26.126833045361764, 26.401371552223704, 26.349305141571882, 26.515496928624664, 26.465923832610898, 26.431330359264372, 26.409325233608676, 26.41904873040043, 26.429083649540797, 26.249537773728782, 26.450218254388375]
26.427148455942557
nmae
[0.555908769624982, 0.5605259337458196, 0.5570228588659231, 0.5581662912236617, 0.555750496779669, 0.5583155230430277, 0.5542201870229939, 0.5583155323979127, 0.5539114986135091, 0.5500358082941293, 0.5549931146136672, 0.5540609130815101, 0.5576177996438318, 0.5561973508190869, 0.5560382387895914, 0.5551812377078028, 0.554756188379683, 0.5556359038756453, 0.5523698699928479, 0.5557993842693615]
0.5557411450392328
rmse
[59.63380946393717, 59.67823219829546, 59.60998535975128, 59.75804033773162, 59.76095494705988, 59.92350347236669, 59.577887534705276, 59.66920088159845, 59.646328402022284, 59.42710223794153, 59.91535731492405, 59.680358273473445, 59.93066508580838, 59.72413304528345, 59.608629418602746, 59.75135884526672, 59.81887152383128, 59.88349802582445, 59.777023659355535, 59.77514577847119]
59.72750429031255
==================================================================================================================================
density = 0.2
mae
[24.2330234591073, 24.44045800025299, 24.401250853136272, 24.273261924989644, 24.350932594436348, 24.38864049926927, 24.185493370685485, 24.331200997277858, 24.273907506877368, 24.06114712086601, 24.19894690598319, 24.173685774386417, 24.39723191090947, 24.288682017721722, 24.264144635217555, 24.266744333159263, 24.25351043334873, 24.30695900806485, 24.14183652526707, 24.338259553649692]
24.27846587123032
nmae
[0.5101782277364013, 0.515046791165782, 0.5130947830141663, 0.5099229770697887, 0.5119068162728695, 0.5124146146881083, 0.5083558102495844, 0.5127222576922229, 0.5102970236371476, 0.5063218364420504, 0.5086542104958395, 0.5083212970724366, 0.5130313557761083, 0.510497997338846, 0.5101707420814556, 0.5099735980233007, 0.5094407225439975, 0.5106405793358779, 0.5082085971736298, 0.5114502855761756]
0.5105325261692895
rmse
[57.317460333257436, 57.268321261913684, 57.37704068189335, 57.32053073963707, 57.49537331545214, 57.58563398731091, 57.18063131503134, 57.09374503887117, 57.3478257178671, 57.15859609809319, 57.596224360224085, 57.303711414019645, 57.499523898418495, 57.3522991382969, 57.28797851121187, 57.457188683912484, 57.45764173055559, 57.511648708659266, 57.33236642088789, 57.411006526991684]
57.367737394125264
程序运行时间：1865.038825442021 秒
