Parameter setting:
----------------------------------------------------------------------------------------------------------------------------------
currentDate:2019-06-14 12:00:09
dataPath:..\DataSet\rtData.txt
program path:D:\PycharmProject\cythonPaper\cUIPCC
outPath:C:\Users\Administrator\Desktop\实验数据201906\UPCC\2019-06-14UPCC_参数分析topK分析rt.txt
parallelMode:True
threadNum:3
metrics:['MAE', 'NMAE', 'RMSE']
density:[0.05 0.1  0.15 0.2 ]
rounds:20
topK:[ 5 10 15 20 25 30 35 40 45 50]
lambda:0.8
numUser:339
numService:5825
method:mainUIPCC.py
saveData:True
----------------------------------------------------------------------------------------------------------------------------------
数据集:  (339, 5825)
+++++++++++++++topK: 5
==================================================================================================================================
density = 0.05
mae
[0.6170679824201201, 0.6207978168560206, 0.6224995952686453, 0.6148249651990181, 0.6179538302336895, 0.6146616738338834, 0.6175000237446703, 0.619321405385032, 0.6155211963781397, 0.6168313363396118, 0.6161106018162417, 0.6195688436776441, 0.6113383861478362, 0.6212947120891854, 0.6098353160134323, 0.6122288264208887, 0.6154644246592742, 0.6127496497430752, 0.6152404814918528, 0.6220736490274288]
0.6166442358372846
nmae
[0.6789809109365671, 0.6831230515708894, 0.6856919979942836, 0.6771467127247872, 0.6806894713138698, 0.6764404284088836, 0.6797563729979134, 0.6815919463291171, 0.6772202083317037, 0.6789556626193152, 0.6782036979205229, 0.6819404421708058, 0.6731114670745891, 0.684049257355702, 0.6708495447811202, 0.6738514091014153, 0.6774652146028936, 0.6743874019009218, 0.677070591309799, 0.6848202425554075]
0.6787673016000253
rmse
[1.3987025148358314, 1.398763900105961, 1.3985688285652413, 1.393852710054863, 1.4060013822429578, 1.3949666991407668, 1.4010490046676038, 1.3945252393037941, 1.4004107575318805, 1.3945943177380558, 1.3924915914808822, 1.3961781249863452, 1.396115494101764, 1.3961034580012293, 1.4000686657241486, 1.3946997770423757, 1.3985462335497987, 1.3900576153216584, 1.39473605322358, 1.397477492020167]
1.396895492981945
==================================================================================================================================
density = 0.1
mae
[0.535819128447984, 0.5389769181938165, 0.5408883142979288, 0.5405350097599151, 0.5365219501543723, 0.5409587661937562, 0.5379427419484712, 0.5443977140983024, 0.531949957920199, 0.5400159583598685, 0.539862608251203, 0.5383767501197596, 0.5351087601698761, 0.5419985520232268, 0.5396882399169957, 0.5439049752629443, 0.5385243290152547, 0.5354774568511768, 0.5349477754813381, 0.541311862535793]
0.5388603884501091
nmae
[0.5896930494044985, 0.5929319146695987, 0.5954060038393327, 0.5953984320145458, 0.5911286880361143, 0.5953291315436078, 0.5921817890279399, 0.5993978162773516, 0.5850744377254726, 0.5941527829653519, 0.5940791537184463, 0.5922805146617977, 0.5892657251730595, 0.596395795093159, 0.5940483604177503, 0.5983919111108754, 0.5927962749800636, 0.5895595501666347, 0.5884524531655828, 0.5960613363730973]
0.5931012560182141
rmse
[1.312603806793342, 1.308625913278291, 1.313967879037559, 1.3114415992244912, 1.3143116422445988, 1.3123511474318235, 1.3148972609971163, 1.3115490610705927, 1.3078416423289019, 1.3099415267824241, 1.3139708325377295, 1.3110446877016706, 1.3150577090630318, 1.3153219729415033, 1.3135991435846852, 1.317443201088512, 1.3133501434796957, 1.3037048087921617, 1.3132697503891382, 1.31466042594678]
1.3124477077357026
==================================================================================================================================
density = 0.15000000000000002
mae
[0.4946282553826983, 0.49402510098895114, 0.4975808934188096, 0.49627899706428297, 0.4940016423611434, 0.49614879402523027, 0.4977189174924997, 0.49882252586701137, 0.49551633968766534, 0.49689821596108485, 0.4949914909097967, 0.49689062200593576, 0.4929200386271186, 0.4970565370892055, 0.4965523285563991, 0.49999313367549175, 0.49412710636086044, 0.49437412825371546, 0.49608509625461644, 0.49841143951809125]
0.4961510801750304
nmae
[0.54451376345008, 0.5433960013099374, 0.548224332025572, 0.5469279152012576, 0.5443379916421212, 0.5463275467642508, 0.5475048641629676, 0.5495404090346274, 0.5450397010414522, 0.5469517892012539, 0.5446590429286308, 0.5468441639531244, 0.543276298587784, 0.5470132922692248, 0.5465705034653366, 0.5503489107936956, 0.5441227111979929, 0.5445375943458399, 0.5460942728364869, 0.5493237783999378]
0.5462777441305787
rmse
[1.2589136739283027, 1.25545178580975, 1.2552479957720628, 1.2574308949822544, 1.2604698757383708, 1.2574357614844696, 1.2599071874370062, 1.2558404522433233, 1.2599622313158352, 1.256930794499574, 1.260155716769537, 1.2578611724820339, 1.2618225849737044, 1.2574240044491605, 1.2584213402681024, 1.260243145258986, 1.2553016976424693, 1.2542952187405068, 1.2583151283846234, 1.2585174500794156]
1.2579974056129744
==================================================================================================================================
density = 0.2
mae
[0.4719369294056396, 0.4699938478437043, 0.4721873429658225, 0.47290464236961305, 0.4688726324144658, 0.47039375012056495, 0.47215619949972315, 0.4746877400398997, 0.4739431459258799, 0.471824366578703, 0.47157816250325457, 0.47225320825857087, 0.46820139351534695, 0.47040808973860343, 0.4748744374916092, 0.4722003323937407, 0.4726197371940249, 0.4718998630547146, 0.4675685018676684, 0.4741282421464703]
0.4717316282664011
nmae
[0.5196947008312425, 0.5174284096103668, 0.5204829606231516, 0.5210977889553983, 0.5164532090583073, 0.5177042219790539, 0.51906812916427, 0.5230385908257632, 0.5209440532019858, 0.5191530089102804, 0.5189189318502329, 0.5198950107928082, 0.5161627701711835, 0.5175625473291166, 0.5227869100956599, 0.5197419868326981, 0.5202484815848841, 0.5198268944220994, 0.5145275479935053, 0.5226523346820848]
0.5193694244457047
rmse
[1.2237828460898843, 1.2195398903823824, 1.2153380504735087, 1.2214931888223977, 1.2229343916931181, 1.2217778086168423, 1.224761120669811, 1.2184725253793969, 1.2256493248742264, 1.2194897269255698, 1.2238615868679799, 1.2239043826821772, 1.2255345072570483, 1.2213509400393727, 1.2237158227341673, 1.220813977792867, 1.2256806888688132, 1.2240363015651723, 1.2198827849170646, 1.222594900585327]
1.2222307383618563
+++++++++++++++topK: 10
==================================================================================================================================
density = 0.05
mae
[0.6371920476503654, 0.6405991462862377, 0.6452723015223493, 0.635356664367413, 0.6385932115677685, 0.6346294347148573, 0.6366989756659115, 0.639115235901328, 0.6352486585842378, 0.6370920290570908, 0.6361873331385284, 0.6393093417852244, 0.6327116196408392, 0.641735947447129, 0.6295512711832246, 0.631296836546774, 0.6349859745956653, 0.6345010844568667, 0.6361304446240569, 0.642173425312082]
0.6369190492023974
nmae
[0.7011241050919171, 0.7049123430571826, 0.7107764519754952, 0.6997596080779102, 0.7034241949795953, 0.6984151200151518, 0.7008909631542055, 0.7033759753479806, 0.6989251246590077, 0.7012569162014588, 0.700303810115951, 0.7036682035737974, 0.6966443727101335, 0.7065551818291542, 0.6925380879062429, 0.6948386689911589, 0.6989533307102703, 0.698326858333744, 0.7000599428168138, 0.7069474194452917]
0.7010848339496232
rmse
[1.3865510012859301, 1.38696479609097, 1.3879733539267032, 1.382589190573886, 1.3952361948186884, 1.3821641847720514, 1.3878326669959322, 1.3840741039628603, 1.3876520229828702, 1.385119265023972, 1.3832902044471094, 1.3836070338960689, 1.386347427365726, 1.3842706913880702, 1.3871048433716067, 1.3843159105232459, 1.3851602745313176, 1.3793842413613078, 1.3845886610477955, 1.3857554319321357]
1.3854990750149123
==================================================================================================================================
density = 0.1
mae
[0.5513561476860245, 0.5544683385735453, 0.5559501629465292, 0.5556560263565231, 0.5515369485284836, 0.5569301109839206, 0.5533864198772329, 0.5584732307466248, 0.5478530698053595, 0.5561122707497214, 0.5554223764014892, 0.5533599899283059, 0.550772976770616, 0.5568680056063231, 0.5529089191594135, 0.5593935621177318, 0.553542797502196, 0.5519527878910232, 0.5505270588846248, 0.5568215591631239]
0.5541646379839407
nmae
[0.6067922378557855, 0.6099741241532359, 0.611985979551946, 0.6120542071438665, 0.6076718998976214, 0.6129057148577353, 0.6091826036348994, 0.6148953720596239, 0.602565752661701, 0.6118627573723259, 0.6112015358829026, 0.6087639177491949, 0.6065152763700398, 0.6127576092699458, 0.6086006931289007, 0.6154321028906298, 0.6093282897754658, 0.6076988548795087, 0.60558995323085, 0.6131397178722962]
0.6099459300119238
rmse
[1.3109254299445694, 1.3089486549653433, 1.3124999169502, 1.309479575228797, 1.3156012250643778, 1.3121509317700348, 1.3149657371749723, 1.3094412348943265, 1.308874797589158, 1.3108286708074537, 1.3145780417132584, 1.3094604898775881, 1.315572936307149, 1.3128752669622414, 1.3100353393394462, 1.3176828799787434, 1.3125524499432764, 1.3061091809817835, 1.3149462944521761, 1.3125065289356939]
1.3120017791440293
==================================================================================================================================
density = 0.15000000000000002
mae
[0.5124169903535155, 0.5119419421270639, 0.5158094062048315, 0.5137228404632688, 0.5111309413705258, 0.5152612893271277, 0.5139219028494466, 0.5170340747538986, 0.512652005714459, 0.5150991024381241, 0.5135877790569798, 0.5139376096127818, 0.5107147239316712, 0.5154525762323439, 0.5137876821864951, 0.5175994544433654, 0.511289839146091, 0.5116227266167201, 0.5140119457156015, 0.515375668950054]
0.5138185250747183
nmae
[0.5640965732078472, 0.5631033801679474, 0.5683081302141917, 0.5661520309904429, 0.5632126823748053, 0.5673730129561889, 0.5653286056063968, 0.5696036209095504, 0.5638879559633317, 0.5669860881862298, 0.5651212866040793, 0.565604923913037, 0.562888872655005, 0.5672582285803545, 0.5655419901934161, 0.569728415841004, 0.5630219631808348, 0.5635363843747709, 0.5658282860018838, 0.5680208906055074]
0.5657301661263413
rmse
[1.2618551012787929, 1.2594359245787488, 1.2588030769128755, 1.259095260556677, 1.2632447650414866, 1.2604899994422119, 1.2615628830783265, 1.2593393667020094, 1.2641981388675512, 1.2602658700197205, 1.2634994665210069, 1.2595389722546264, 1.2656167736626087, 1.2614796703126003, 1.2597364635486026, 1.2640503475422105, 1.2578556983448623, 1.256942919392761, 1.261109676817796, 1.2604064618464854]
1.260926341836098
==================================================================================================================================
density = 0.2
mae
[0.4860197471375194, 0.4850867853607325, 0.486602348837279, 0.48672288288058235, 0.4845935925983643, 0.48539472545500695, 0.4857815531365732, 0.48902634304584686, 0.48676482230862667, 0.486148372829485, 0.48502688418204193, 0.48527209228263174, 0.48355685941472715, 0.48498929480558456, 0.48702354915245594, 0.4881548722416171, 0.4861991191074684, 0.48532115153662064, 0.483403027334759, 0.4874436862536102]
0.4859265854950766
nmae
[0.5352026327009681, 0.5340446157407535, 0.536372342338152, 0.5363242298324411, 0.5337695115574372, 0.5342139401937491, 0.5340472543541437, 0.5388376984875922, 0.5350372542981292, 0.5349138544101973, 0.5337177432524873, 0.5342272646173148, 0.5330912114908128, 0.5336053956606334, 0.5361618067928389, 0.5373028474900817, 0.5351963398001874, 0.5346112740265566, 0.5319523735103633, 0.537330532121704]
0.5349980061338271
rmse
[1.2217258619179232, 1.2190367507832693, 1.21524654296103, 1.218698994736282, 1.2229905026045074, 1.2207153716141783, 1.2226399007066127, 1.2167797393097495, 1.2255100659468643, 1.219333888370442, 1.2227235752686174, 1.2207532503221337, 1.2264464196928915, 1.2210805923480301, 1.2199331895071088, 1.2217288576431269, 1.2238739516415236, 1.2205585864459094, 1.2209531689932236, 1.2209462371000745]
1.221083772395675
+++++++++++++++topK: 15
==================================================================================================================================
density = 0.05
mae
[0.6545163222771295, 0.6576414704315906, 0.6628322064174936, 0.652720751864459, 0.655941156254988, 0.6505844523875106, 0.6543983892069515, 0.6560542379008198, 0.6527826907726781, 0.6538167847507607, 0.653428351342267, 0.6559266433602545, 0.6510227360605237, 0.6579160459019997, 0.6468641470004479, 0.6482728130841038, 0.6523742658826917, 0.6531739944907081, 0.6529852927182982, 0.6586574737202096]
0.6540955112912943
nmae
[0.7201865943192176, 0.7236656378657786, 0.7301189324584663, 0.7188838067257062, 0.7225333301929171, 0.7159737534051973, 0.7203748314784314, 0.7220181331053548, 0.7182167445112921, 0.7196661099553406, 0.7192824192605117, 0.7219583582505514, 0.7168057476806998, 0.7243695686517604, 0.7115831227801833, 0.7135233261273258, 0.7180932874914675, 0.7188781149341061, 0.7186086604465979, 0.725094161469806]
0.7199917320555357
rmse
[1.3894496959089653, 1.3909468519084882, 1.390665757597013, 1.3858509754125088, 1.398642827775974, 1.3846745641328144, 1.3913058307102222, 1.3873041365655006, 1.390090804222802, 1.3886681888384536, 1.3864892967306646, 1.3860968511931202, 1.3897337450339768, 1.3871001522291806, 1.389448466022658, 1.3879896700223588, 1.3878441136280164, 1.3824749350793895, 1.3877286943702585, 1.3883273812873742]
1.388541646933487
==================================================================================================================================
density = 0.1
mae
[0.5660290396027766, 0.569125538604233, 0.5701798333531528, 0.5688277031722372, 0.5652970135275084, 0.5705758313387805, 0.567541128452195, 0.5728092748675889, 0.5626046979754795, 0.5700723001619251, 0.5689295885622899, 0.5672193337925375, 0.5640875708399488, 0.57072667285886, 0.5660335881530372, 0.5719211238372812, 0.5669952651517498, 0.5661956394324152, 0.5642104507922016, 0.5716432829867583]
0.5680512438731478
nmae
[0.622940415325736, 0.6260986025576446, 0.6276498993830775, 0.6265627876825476, 0.6228324523555867, 0.6279229312443091, 0.6247644862284433, 0.6306797762142122, 0.6187905881535819, 0.6272222855439205, 0.6260652309174182, 0.6240108973317195, 0.6211774058540713, 0.6280071903696645, 0.6230473449549382, 0.6292146420102555, 0.624136483727497, 0.6233802043749871, 0.6206419375640767, 0.6294605434834]
0.6252303052638545
rmse
[1.3188323659965382, 1.3179410237599676, 1.320225449887733, 1.317020147707098, 1.3242846483348343, 1.3198894258640488, 1.3224568628285711, 1.3178165563905637, 1.3181101190752207, 1.3195656990281703, 1.3221223051024589, 1.3175615004788472, 1.3233496796539432, 1.3201515822443648, 1.3167877688323444, 1.3242139237820867, 1.3198141137126191, 1.3153912534903123, 1.3230670866804508, 1.3209001426048206]
1.3199750827727494
==================================================================================================================================
density = 0.15000000000000002
mae
[0.5254950140368846, 0.5263394446004757, 0.529199638689544, 0.5272390136786681, 0.524728328348998, 0.5298687448176168, 0.5265065531587539, 0.5307198202154837, 0.526512132518061, 0.5286165660999159, 0.5271603037801789, 0.5271849254497737, 0.5245860227548789, 0.528398080382818, 0.526441003759859, 0.531290175195949, 0.5250206523018747, 0.5250601749140589, 0.5274964353839567, 0.5287223264097781]
0.5273292678248763
nmae
[0.5784935750305815, 0.5789397116766916, 0.5830612112844085, 0.5810476289946436, 0.5781955765288924, 0.5834578153757249, 0.5791720763204461, 0.5846808673627476, 0.5791333046317398, 0.5818651936001623, 0.5800556813595841, 0.5801840224765359, 0.5781772506691479, 0.581504822915286, 0.5794698925415306, 0.5847979692942225, 0.5781420551270188, 0.5783373121575942, 0.5806721154892186, 0.5827308986901417]
0.5806059490763159
rmse
[1.2738919671476998, 1.2734224568786683, 1.2722173752012145, 1.2725477137812287, 1.276092806438318, 1.2739198606372413, 1.273666901528208, 1.2726829685333116, 1.2785757762684549, 1.2729190111116897, 1.2760947306340316, 1.2722665478512478, 1.278407837495929, 1.272606489391287, 1.2717814476396696, 1.2769759538285577, 1.271318588181695, 1.2695645665901787, 1.2739169443573704, 1.2736886176445785]
1.2738279280570288
==================================================================================================================================
density = 0.2
mae
[0.5004115597279957, 0.5008227776667787, 0.5022385788717763, 0.5013938520514557, 0.5002571347794625, 0.5005878568563259, 0.5000956627210671, 0.5042002510194818, 0.500810572572288, 0.500984165049716, 0.4998471427084243, 0.4997076975453326, 0.498558705263035, 0.5001689324928078, 0.5014080487264255, 0.5037551132486552, 0.5001069478802642, 0.4996940376660281, 0.4994612087454042, 0.5021078871410756]
0.50083090663669
nmae
[0.5510508282385507, 0.5513687775567314, 0.5536078557897035, 0.5524902999273922, 0.5510225693505343, 0.5509351408251975, 0.5497835680794493, 0.5555571937987261, 0.550475920592839, 0.5512378230652073, 0.5500257772874636, 0.5501191612155978, 0.5496298088081013, 0.5503066644532215, 0.5519976309430507, 0.5544737381054361, 0.5505057444478804, 0.5504438973127094, 0.5496233172832024, 0.5534955232544474]
0.5514075620167721
rmse
[1.2362893303397664, 1.2354175003450416, 1.232247325392215, 1.2341949057789858, 1.2397236376426515, 1.2357581225263403, 1.237746796531689, 1.2326617698468478, 1.241143409447529, 1.2348082085317476, 1.2389920222394257, 1.2357721934499997, 1.2423299995129637, 1.235832816732451, 1.2346341209337088, 1.2377608443506194, 1.2382948108878564, 1.2347329674411989, 1.2371884649444926, 1.236542912525731]
1.2366036079700633
+++++++++++++++topK: 20
==================================================================================================================================
density = 0.05
mae
[0.6602676817414164, 0.6630944457980134, 0.6682018719526915, 0.6585968056372825, 0.6617578177668711, 0.6557546864232324, 0.6603804560093952, 0.6615208557755584, 0.6587951956865342, 0.65900269538615, 0.6590284578098283, 0.6613086753227381, 0.6571027773935116, 0.6629541916467191, 0.6522360146010426, 0.6539151475544692, 0.6578425852264888, 0.6593891466450971, 0.658242188975684, 0.6641006104302535]
0.6596746153891488
nmae
[0.7265150109595845, 0.7296660667837102, 0.7360336940380331, 0.7253554868318866, 0.7289405082952654, 0.7216636401753996, 0.7269600102254719, 0.7280343997557286, 0.7248319347830753, 0.7253743209107528, 0.7254469178162135, 0.7278821959220646, 0.7235001507056915, 0.7299165977638162, 0.7174924475435331, 0.7197335777022221, 0.7241124755863986, 0.7257184620735533, 0.7243938614606986, 0.7310863300946342]
0.7261329044713867
rmse
[1.3910206497006903, 1.3926056060382224, 1.3921519565627742, 1.38759650752683, 1.4003199831872837, 1.3862537711906353, 1.3931160518485062, 1.3888232902184228, 1.391835558164361, 1.390227372029438, 1.3880681714254095, 1.387476861712015, 1.3911882816957206, 1.3885246502270379, 1.3908973483610028, 1.389588138206632, 1.3892377944720906, 1.384219642280558, 1.3892322116209392, 1.3899105381529808]
1.3901147192310774
==================================================================================================================================
density = 0.1
mae
[0.5834771798788482, 0.5858556281776718, 0.5871922577475159, 0.5837840136304853, 0.5813023291568141, 0.586107675025199, 0.5836347141715044, 0.5895860232538007, 0.5799233044484502, 0.5855791369130546, 0.5843696840773093, 0.5839787382138075, 0.58011015019588, 0.5872163374010998, 0.5825560230694447, 0.5862652896527984, 0.5826251039345887, 0.5825570552531846, 0.580852073547953, 0.5884194015597022]
0.5842696059654557
nmae
[0.642142878432338, 0.6445034798511204, 0.6463770549834241, 0.6430371392689859, 0.6404667751019966, 0.645015840336376, 0.642480736750972, 0.6491514671976797, 0.6378387594965752, 0.6442836891340216, 0.6430559221353336, 0.6424482995298029, 0.6388215887680613, 0.6461518266584108, 0.6412340028182084, 0.64499576773261, 0.6413414821088111, 0.6413940886720115, 0.6389480305774866, 0.6479334356326668]
0.6430811132593446
rmse
[1.3270487239157207, 1.3271967571729015, 1.3287728342123668, 1.3248672699020045, 1.3325492841492792, 1.3278049843408315, 1.329997567614368, 1.3265052091314848, 1.327122797542654, 1.3278717473956565, 1.3301632174871978, 1.3258800074763113, 1.3311568514224528, 1.3283849807824881, 1.3251404038990915, 1.3314506372012362, 1.3278763256357426, 1.323678734536227, 1.3311328829447098, 1.329280442844127]
1.3281940829803425
==================================================================================================================================
density = 0.15000000000000002
mae
[0.5351046818603241, 0.5371907532242536, 0.5394094354410623, 0.537352514087978, 0.5347237921841057, 0.540666565641947, 0.5361926537006096, 0.5410292998631664, 0.5364642997073003, 0.5386383748230832, 0.5374210011145698, 0.5371624533836797, 0.5349106151082286, 0.5381781579899301, 0.5361750039523661, 0.5414548954480198, 0.5354179629905923, 0.5352111993848913, 0.5376023771141808, 0.5386635504840813]
0.5374484793752187
nmae
[0.5890724215382435, 0.5908754568510503, 0.5943101540759212, 0.5921932864312295, 0.5892095292022651, 0.595347690010906, 0.5898270604391027, 0.596038565479276, 0.5900801207003211, 0.5928965196063687, 0.5913459392580742, 0.5911646139381124, 0.5895565939268862, 0.5922678489522111, 0.5901844075684115, 0.595986408379629, 0.589591362012404, 0.5895183471867088, 0.5917968135342937, 0.5936876110314492]
0.5917475375061432
rmse
[1.2839963531729284, 1.2853711993955745, 1.2834547433966008, 1.2832838572387941, 1.2864700578516792, 1.285121290159432, 1.2843078104621537, 1.2835925942205506, 1.2899340968959023, 1.2832863884579673, 1.287097186408902, 1.2829461191396498, 1.289052860852611, 1.2832499716119437, 1.2824235229178804, 1.288107647650442, 1.2827255761984189, 1.2806880040199253, 1.285511603381115, 1.2846903058551356]
1.2847655594643803
==================================================================================================================================
density = 0.2
mae
[0.5108652572424929, 0.5124474085868742, 0.5133248027388598, 0.5127927788792922, 0.5115478117065345, 0.5117411520536724, 0.5109416556125794, 0.5155915108893381, 0.511850690793183, 0.5125047136462876, 0.511000669039888, 0.5112950009496233, 0.509949204563358, 0.5113457526891448, 0.5127336951239153, 0.5147444586872361, 0.5112118779049608, 0.5104830861021726, 0.511380614967342, 0.51308102457591]
0.5120416583376333
nmae
[0.5625623901949734, 0.5641666350539911, 0.5658279855886684, 0.5650508777569653, 0.5634590092881769, 0.5632101933979944, 0.5617071841308564, 0.5681087471831865, 0.562610886533926, 0.563913996429411, 0.5622989833654627, 0.5628754138425462, 0.5621871222931047, 0.5626038669419587, 0.5644659788209765, 0.5665695030602906, 0.5627297853179362, 0.5623287016566351, 0.562739818571067, 0.5655916934238081]
0.5637504386425969
rmse
[1.2491646323910957, 1.2496819447811967, 1.2462416828899299, 1.2483558219436828, 1.254058188728842, 1.2494871983603444, 1.2514847214267666, 1.2472267819645508, 1.25534919840296, 1.2495587823811543, 1.2525748330044575, 1.2500246438428666, 1.255924417022794, 1.249450601127104, 1.2488859697746464, 1.2515647647702839, 1.251678065207272, 1.2479718547997292, 1.2516499601801383, 1.2503031379915936]
1.2505318600495705
+++++++++++++++topK: 25
==================================================================================================================================
density = 0.05
mae
[0.6610433196006296, 0.6637853539717322, 0.6688471190493913, 0.6593936147437285, 0.6625356416098891, 0.656549911338522, 0.6612335404179858, 0.6622301831749116, 0.6595759365597839, 0.6597221209926533, 0.6597679012929201, 0.6619926902924937, 0.6579247719041351, 0.6636149460285435, 0.6529454046294733, 0.6546845265332223, 0.658532242308518, 0.6602708719621352, 0.6589076944291451, 0.6648412164060366]
0.6604199503622924
nmae
[0.7273684717049306, 0.7304263389482876, 0.7367444427265445, 0.7262330645127545, 0.7297972980335521, 0.7225387919951393, 0.7278991025997975, 0.7288150474751612, 0.7256909360651536, 0.7261662036517746, 0.7262608841773793, 0.7286350702405306, 0.7244052041810007, 0.7306440923575842, 0.7182728122832401, 0.7205803968760213, 0.7248716074945312, 0.726688881960365, 0.7251262485263257, 0.7319016386433352]
0.7269533267226705
rmse
[1.3912288420849657, 1.392859165863097, 1.3923547981523887, 1.3878873729796584, 1.4005760046981064, 1.386530036773177, 1.3934385948288819, 1.3890374137456245, 1.3921017818855956, 1.3904619309707411, 1.388305733157578, 1.3876515607011968, 1.3914428333551299, 1.3887312991999348, 1.3911108166057904, 1.3898382736808743, 1.3894618305400892, 1.384499587641979, 1.3894914705197345, 1.390163276020279]
1.390358631170241
==================================================================================================================================
density = 0.1
mae
[0.6018319789716056, 0.6035491426397666, 0.6054208839187899, 0.6005470358491541, 0.5993269856741691, 0.6025511978849611, 0.6011586042442489, 0.6071082770329778, 0.5983557937070623, 0.6022052781616862, 0.6017221986774197, 0.6020703909541703, 0.5981204663609048, 0.6043481360010842, 0.6009912491100404, 0.6016614165342472, 0.5999739537505543, 0.6004549903920781, 0.5987299451929965, 0.6063453060113108]
0.6018236615534615
nmae
[0.6623431603438221, 0.663968226954579, 0.6664429968372558, 0.6615015809140394, 0.6603259654973568, 0.6631120591156711, 0.6617715046427728, 0.6684439814377373, 0.6581120542460056, 0.6625766079634063, 0.6621510901113381, 0.6623513384217331, 0.6586546821605339, 0.6650030442664159, 0.6615261177715208, 0.6619342371478636, 0.6604387317444942, 0.6610996774963237, 0.658614020248047, 0.6676724055363898]
0.6624021741428653
rmse
[1.3345103555298008, 1.335568814720699, 1.3364066122077398, 1.3321186388027153, 1.340474906948154, 1.33514545910233, 1.3371968707590025, 1.3344243999276229, 1.3351336598663688, 1.3354468368773424, 1.3378065026288246, 1.3338113057072256, 1.3386509329286065, 1.3359990089886058, 1.3327718850309627, 1.3383193965238067, 1.3355187564946505, 1.3311895648470085, 1.338580841159397, 1.3372876595910552]
1.335818120432096
==================================================================================================================================
density = 0.15000000000000002
mae
[0.5438082816491031, 0.5462502461616369, 0.5485167445906998, 0.5459466301668232, 0.5434492618942455, 0.5496834117269875, 0.5446050739953378, 0.5500972882313092, 0.5449789595240315, 0.5476095496446163, 0.5462876171177028, 0.5461711072574582, 0.5438201321911015, 0.5473121106147598, 0.5449725163154899, 0.5497386074810714, 0.5444173884969157, 0.5441540576695806, 0.5464166245270065, 0.5476365390662239]
0.5462936074161051
nmae
[0.5986538189310887, 0.6008403194181849, 0.60434439884124, 0.6016644952025159, 0.5988240815657964, 0.6052764683542441, 0.5990809603188804, 0.6060285434344396, 0.5994457606788254, 0.6027713792099278, 0.6011022334064965, 0.6010789282313908, 0.5993762991197793, 0.6023198111012221, 0.599868101481467, 0.6051043973832089, 0.5995013461899346, 0.5993686250605165, 0.6014996045833467, 0.6035771833820516]
0.601486337794728
rmse
[1.2923092921652553, 1.2946936501380149, 1.2926105493396267, 1.2919485750371993, 1.2951026467983389, 1.2938238329615095, 1.2928862772604992, 1.2926098783954219, 1.2988925228926462, 1.2925700278580996, 1.2959791907862581, 1.291654349148647, 1.2978301515367126, 1.292320882391806, 1.2914839327465122, 1.2967013123511102, 1.292227966288392, 1.289688750527881, 1.2943721815531812, 1.293488353361756]
1.2936597161769434
==================================================================================================================================
density = 0.2
mae
[0.5190584704636843, 0.5216365763509988, 0.522080494463841, 0.5216055606697021, 0.5201185638246247, 0.5208751171944153, 0.5193408498071388, 0.5246286406203099, 0.520347069037341, 0.5214920656027746, 0.5199118710749732, 0.5202367294827274, 0.5187879874097268, 0.5201443398717039, 0.5213532292194305, 0.5231350890817545, 0.5202694449653016, 0.5190972621329681, 0.5201612229120435, 0.521570454226297]
0.5207925519205878
nmae
[0.5715847176046893, 0.5742832280341933, 0.5754792149560165, 0.5747617596009623, 0.5728995100327762, 0.5732628191302879, 0.5709408953935206, 0.5780663829106224, 0.5719498499899794, 0.573802868520055, 0.5721047627870578, 0.5727192009697248, 0.5719313278894806, 0.5722844385444434, 0.573955181103713, 0.5758049114512985, 0.5727001380966248, 0.5718177494921385, 0.5724022844079085, 0.5749499636816752]
0.5733850602298585
rmse
[1.2600911401980583, 1.261859461230174, 1.258074223199165, 1.2598002166574773, 1.2654237776524802, 1.261409521100055, 1.2627262635614493, 1.2592762578476435, 1.2669259300580482, 1.2613106877583355, 1.2637019894531845, 1.2616539431284142, 1.2671063666202187, 1.2610157486485345, 1.2608035088723981, 1.2628933367251736, 1.2632663964984034, 1.259128105581004, 1.263355153447411, 1.2617018347675504]
1.2620761931502587
+++++++++++++++topK: 30
==================================================================================================================================
density = 0.05
mae
[0.6610809847830169, 0.6638272587685377, 0.6688796827985131, 0.6594414310972795, 0.662572454939657, 0.6565984676336366, 0.6612885367515596, 0.6622700600333499, 0.6596087171240235, 0.6597633467461111, 0.6598016023010155, 0.6620383252734138, 0.6579691272772683, 0.6636663490812893, 0.6529844333509486, 0.6547245986304613, 0.6585751494915978, 0.6603386341918912, 0.6589421061408073, 0.664886710213696]
0.6604628988314039
nmae
[0.7274099159875324, 0.7304724507932263, 0.7367803121509862, 0.7262857277721442, 0.7298378487102386, 0.722592228613148, 0.7279596436634426, 0.7288589338083642, 0.725727002508802, 0.7262115814675679, 0.72629798165346, 0.7286852992657384, 0.7244540414713768, 0.7307006874313429, 0.7183157458414444, 0.7206245023444751, 0.724918837070813, 0.7267634605326928, 0.7251641185278357, 0.7319517212669038]
0.7270006020440768
rmse
[1.3912379030839634, 1.392873529118478, 1.3923649749368396, 1.3879094898519029, 1.4005882208979001, 1.3865484713635268, 1.3934697087996946, 1.3890490989998365, 1.3921128512213465, 1.390474846053601, 1.3883136937988052, 1.3876671921619448, 1.3914600399924182, 1.388747009887293, 1.391129229229429, 1.3898483456390256, 1.389481598370103, 1.3845224289567906, 1.389510529470814, 1.390179553491713]
1.3903744357662715
==================================================================================================================================
density = 0.1
mae
[0.6161056548435446, 0.6175938980761797, 0.6195504022757103, 0.6147323461215656, 0.6145272241663899, 0.6153565377233653, 0.6152966032229245, 0.6203026632274853, 0.6128592021268284, 0.6156586154251452, 0.6157221886055267, 0.6161485994759335, 0.6127478478115873, 0.6174766673368239, 0.6153219008201731, 0.6140055213602753, 0.6142669852143567, 0.6145262986963729, 0.6128963772807066, 0.6203076100328794]
0.6157701571921887
nmae
[0.6780519826016529, 0.67941895118946, 0.6819966700054186, 0.6771266770527428, 0.6770732710552323, 0.6772044305153563, 0.6773349928648505, 0.6829713868020437, 0.6740638809168342, 0.6773786478874355, 0.6775570508899489, 0.6778390959947175, 0.6747624628202695, 0.6794492099529406, 0.6773002249735445, 0.6755149411563698, 0.6761722006954854, 0.6765921582497044, 0.6741973577189165, 0.683046887734059]
0.6777526240538492
rmse
[1.3399967756455298, 1.3416344756732814, 1.3420996730927706, 1.3378174783222134, 1.3465447748114034, 1.3403191306591768, 1.3426411315165183, 1.339915024788881, 1.341005375688242, 1.3410013289286788, 1.343339000544063, 1.3394032944043162, 1.3442926115012654, 1.341373616022283, 1.3383864866585682, 1.343508210652094, 1.3412989375273188, 1.336730614869131, 1.3441704159638164, 1.3430418600556382]
1.3414260108662597
==================================================================================================================================
density = 0.15000000000000002
mae
[0.5536884378073582, 0.5555879978598722, 0.5584680213009302, 0.5548897720747509, 0.5526380427683953, 0.5588979655366302, 0.5536041364569699, 0.5598581565069481, 0.5539781455443455, 0.5571277234768905, 0.5552146304432448, 0.5558314526494705, 0.5532864792828915, 0.5572200589926896, 0.554419832818465, 0.5583463733808786, 0.5536129375596739, 0.5537127421547389, 0.5560189228351947, 0.5574436827821522]
0.5556922756116245
nmae
[0.6095304337517352, 0.6111112488181055, 0.615308509600766, 0.6115203504532636, 0.6089491542331007, 0.615422949889566, 0.6089801831482482, 0.6167818500045559, 0.6093443518357184, 0.6132483381529615, 0.6109249851575703, 0.611710450070276, 0.6098097195656164, 0.6132235595834038, 0.6102670549058511, 0.6145790766703061, 0.6096272976355694, 0.6098972161764086, 0.6120698880926859, 0.6143861191612019]
0.6118346368453454
rmse
[1.2998274372909593, 1.3028383622729205, 1.3006755536907577, 1.2992962890167261, 1.3027302969332208, 1.301335719929341, 1.3002291413188232, 1.3004117780062785, 1.3064587404343986, 1.300480701040056, 1.3033058454135318, 1.299348405205531, 1.3053153547010623, 1.3000958101077236, 1.2993155658601823, 1.3037624788968125, 1.299940562449836, 1.2975602531161514, 1.3019976480749187, 1.301098036586188]
1.3013011990172711
==================================================================================================================================
density = 0.2
mae
[0.5259631978524628, 0.5289737919267887, 0.5293669444009808, 0.5287636750031842, 0.5270553353462373, 0.528322417660847, 0.526339974358573, 0.5320762566919238, 0.5271633337063358, 0.529015094600447, 0.5271770908876843, 0.5275262404200507, 0.5258762767396501, 0.5273909213760872, 0.5283546879421811, 0.5301702561926501, 0.527477190901399, 0.5262790788483759, 0.5270912043261188, 0.5287666494916266]
0.5279574809336801
nmae
[0.5791881705473352, 0.582360958846559, 0.5835109275637587, 0.582649348806213, 0.5805402159839699, 0.5814591416639739, 0.5786354305718155, 0.5862725999382221, 0.5794420831299414, 0.5820805316017251, 0.5800993231900603, 0.5807440916452351, 0.5797457238032513, 0.5802574289428883, 0.5816630522436367, 0.5835483870083382, 0.5806342521079593, 0.5797289649252446, 0.5800282607736859, 0.5828826450153696]
0.5812735769154591
rmse
[1.2695257757303824, 1.2717210000841168, 1.2677905542661259, 1.2694793165609728, 1.2747665663572691, 1.270869090122095, 1.2722515156210028, 1.268900549127532, 1.2762849267883545, 1.2711323128333725, 1.272975460996444, 1.2711599018128266, 1.27613651177217, 1.270680937959531, 1.270487007703079, 1.2723274948209624, 1.2726148205471413, 1.2685460392231, 1.2729157754457088, 1.2711863216266113]
1.2715875939699397
+++++++++++++++topK: 35
==================================================================================================================================
density = 0.05
mae
[0.6610811445095657, 0.6638285950263519, 0.668880637500898, 0.6594417262055757, 0.6625758144483741, 0.6566020219133303, 0.6612935551849145, 0.6622715209592835, 0.6596092126900372, 0.6597646421109996, 0.6598035371069266, 0.6620390158312514, 0.6579693849695427, 0.6636681835013132, 0.6529850364935897, 0.6547271202663998, 0.658575230089547, 0.6603406270183994, 0.6589434132958496, 0.6648879331478963]
0.6604644176135024
nmae
[0.7274100917400924, 0.730473921205156, 0.7367813637689965, 0.7262860527941001, 0.7298415492815444, 0.7225961401283457, 0.7279651680552228, 0.7288605416251487, 0.7257275477496825, 0.7262130072954635, 0.7263001114537261, 0.728686059341591, 0.7244543252023331, 0.730702707138948, 0.71831640932871, 0.7206272777902839, 0.724918925788056, 0.7267656538217331, 0.7251655570486484, 0.7319530675545932]
0.7270022739056188
rmse
[1.3912378770021407, 1.3928739936127574, 1.3923651706163873, 1.3879097902768434, 1.400589101310208, 1.3865495561232404, 1.3934720752998626, 1.3890497628326985, 1.3921129582867968, 1.390475592098528, 1.3883143012178198, 1.387667392200384, 1.3914601079088436, 1.3887470392258254, 1.3911298926818647, 1.3898491560950041, 1.3894817665894728, 1.3845231096464767, 1.3895109545157518, 1.3901795545518225]
1.3903749576046365
==================================================================================================================================
density = 0.1
mae
[0.6236595751450732, 0.625203480577728, 0.6270326694177849, 0.6225973546067969, 0.6230296809347823, 0.6221189745385635, 0.6228133896402842, 0.6269467375408808, 0.6205593394668165, 0.6230837642305572, 0.623190179931026, 0.6235402774798491, 0.6207874240218668, 0.624553936683368, 0.622957103325752, 0.6206377724154616, 0.6220509811007683, 0.6220695639615171, 0.6202860161547488, 0.6276877509118999]
0.6232402986042762
nmae
[0.6863654116322093, 0.6877903010008759, 0.6902330963820977, 0.6857899710768759, 0.6864411004853934, 0.6846465423506759, 0.6856096728284653, 0.6902867070752561, 0.6825330112504778, 0.6855481709512844, 0.6857750269061077, 0.6859708491794521, 0.6836157036158986, 0.6872367836711074, 0.6857044835703118, 0.6828115932635902, 0.6847406599410736, 0.6848972773907741, 0.682326097238443, 0.6911734723139042]
0.6859747966062137
rmse
[1.342944976153362, 1.344791697186462, 1.3450340201752131, 1.3408784107642837, 1.349823295460679, 1.3430684728556677, 1.3454145258526455, 1.3425932266101135, 1.3440731657273604, 1.343953694784374, 1.346206889937479, 1.342232500346326, 1.3472594347549047, 1.3441498063705513, 1.3414136222202953, 1.3461605450574496, 1.3443456713768762, 1.339662511320588, 1.3471313253644888, 1.3459083487993992]
1.3443523070559258
==================================================================================================================================
density = 0.15000000000000002
mae
[0.5658304803484663, 0.5665688281191216, 0.5704268018993056, 0.5655804064797243, 0.5635802986729462, 0.5695866292514687, 0.5644025954689198, 0.5713015672619312, 0.5648998647238769, 0.5684319378351016, 0.565790183537642, 0.5674456224340284, 0.5647610550562666, 0.5689392810477548, 0.5657497905555933, 0.5687153333774413, 0.5648704497866361, 0.5649924279554663, 0.5676730778769571, 0.5689440784357404]
0.5669245355062194
nmae
[0.6228970564791698, 0.6231894595041506, 0.6284844466033682, 0.6233020426503517, 0.6210063724533652, 0.6271926276472003, 0.6208587929955344, 0.6293887719075199, 0.6213576197740122, 0.6256912491358061, 0.6225616915103366, 0.624492218702187, 0.6224565274969531, 0.6261206241240214, 0.6227382897556134, 0.6259923250847841, 0.6220238409448244, 0.6223214362556455, 0.6248988712068821, 0.6270612712396364]
0.6242017767735681
rmse
[1.3069430813795984, 1.3099871578711895, 1.308067842763026, 1.3061498706145562, 1.3095938920293628, 1.3081804065467308, 1.3068697617475866, 1.3075792245374673, 1.3135008369010583, 1.3075477525039518, 1.3100442185549666, 1.3064658012683368, 1.3121708732822885, 1.3073009284812034, 1.3064011837358978, 1.3102707215379794, 1.3071894353912004, 1.3045502001774314, 1.3090260800070983, 1.3082324885197205]
1.3083035878925326
==================================================================================================================================
density = 0.2
mae
[0.532176802763432, 0.5353013922160152, 0.5357969929890052, 0.5349693782958936, 0.5331887099503712, 0.5349373319931978, 0.5323546414307182, 0.5386408911137778, 0.5332066981653912, 0.5356827202659333, 0.5334870590273593, 0.5339839857064087, 0.5320188876601538, 0.5337735798755626, 0.5346514097958049, 0.5361713593909946, 0.5339569977506619, 0.5327365849357192, 0.533251638122664, 0.5351567148782014]
0.5342721888163633
nmae
[0.586030562706297, 0.5893271780201201, 0.5905986455551491, 0.5894874679004566, 0.5872959973575811, 0.588739359730243, 0.5852476957247296, 0.5935058963722193, 0.586084767602415, 0.589416985951518, 0.5870427361540279, 0.5878533065677308, 0.5865175683827935, 0.5872798953157689, 0.5885950820639321, 0.5901536879484799, 0.587767068215697, 0.5868423073902461, 0.5868074019759942, 0.5899266940640925]
0.5882260152499745
rmse
[1.277346306910541, 1.2798561942567457, 1.276118679250874, 1.2777217298448713, 1.2826751234455993, 1.278866030998763, 1.2801069760585064, 1.2769690044678357, 1.2841337506263881, 1.2792771388904471, 1.2805858313425105, 1.278900668224359, 1.2839673429695173, 1.2787188247264918, 1.2785649579895055, 1.2800820928182666, 1.2806454491282582, 1.2764995622297306, 1.28096182314196, 1.2791298165811804]
1.2795563651951174
+++++++++++++++topK: 40
==================================================================================================================================
density = 0.05
mae
[0.6610811445095657, 0.6638285950263519, 0.668880637500898, 0.6594417262055757, 0.6625758144483741, 0.6566020219133303, 0.6612936365513452, 0.6622715209592835, 0.6596092126900372, 0.6597646421109996, 0.6598040529233927, 0.6620390158312514, 0.6579693849695427, 0.6636681835013132, 0.6529850364935897, 0.6547272904886371, 0.6585755199534512, 0.6603406270183994, 0.6589434132958496, 0.6648879331478963]
0.6604644704769542
nmae
[0.7274100917400924, 0.730473921205156, 0.7367813637689965, 0.7262860527941001, 0.7298415492815444, 0.7225961401283457, 0.7279652576250166, 0.7288605416251487, 0.7257275477496825, 0.7262130072954635, 0.7263006792554061, 0.728686059341591, 0.7244543252023331, 0.730702707138948, 0.71831640932871, 0.7206274651458764, 0.7249192448523336, 0.7267656538217331, 0.7251655570486484, 0.7319530675545932]
0.7270023320951859
rmse
[1.3912378770021407, 1.3928739936127574, 1.3923651706163873, 1.3879097902768434, 1.400589101310208, 1.3865495561232404, 1.393472114437946, 1.3890497628326985, 1.3921129582867968, 1.390475592098528, 1.3883144403326406, 1.387667392200384, 1.3914601079088436, 1.3887470392258254, 1.3911298926818647, 1.3898491909981954, 1.3894818282608328, 1.3845231096464767, 1.3895109545157518, 1.3901795545518225]
1.3903749713460092
==================================================================================================================================
density = 0.1
mae
[0.6261698129063809, 0.6277823606947683, 0.6295548860547291, 0.6253755619324208, 0.6261376219332245, 0.624475364433672, 0.625309056743441, 0.6291583379105713, 0.6231602365249791, 0.6257134023597324, 0.6257909049462594, 0.6260497068592912, 0.6236586522938711, 0.627072792960319, 0.6256006705185256, 0.6229269296690105, 0.6246491817443812, 0.6248381827618409, 0.6227332369086876, 0.6302976256793145]
0.6258227262917712
nmae
[0.6891280411868568, 0.6906273433191709, 0.693009534491265, 0.6888501619167301, 0.6898653650180453, 0.6872397668947636, 0.688356970067968, 0.6927217438098726, 0.6853936532361186, 0.6884414313974878, 0.6886369337922118, 0.6887315295469322, 0.6867775214289781, 0.6900084429060074, 0.6886143241789618, 0.6853300721267818, 0.6876007046599463, 0.6879455208483047, 0.6850180853578389, 0.6940473155626815]
0.688817223087346
rmse
[1.34389412680224, 1.345811136798221, 1.346028347699948, 1.3419833188813863, 1.3510241094094715, 1.3440661648953451, 1.3463435270740653, 1.343466695026799, 1.3450877002966364, 1.3449710534494408, 1.3471566384764464, 1.3431716407089194, 1.3483177925839087, 1.345128655945936, 1.3424887176908205, 1.3470203602869053, 1.3453807557804411, 1.3407097971297406, 1.3481151723915978, 1.346924728188807]
1.3453545219758536
==================================================================================================================================
density = 0.15000000000000002
mae
[0.579720426642151, 0.5792895113533155, 0.5842481338809542, 0.5786338394827683, 0.5765722000778042, 0.5819762379478698, 0.5770081447077496, 0.5843188384827435, 0.5778172230002447, 0.581301879453187, 0.5786432339193375, 0.5806754446461464, 0.5780798947178991, 0.5818734692462427, 0.5789994751663711, 0.5808705400690206, 0.5784025758800947, 0.5782148057980405, 0.581109720947913, 0.5822893738546859]
0.5800022484637269
nmae
[0.6381878669983586, 0.637181397139615, 0.6437125041786523, 0.637687674403471, 0.6353220850176623, 0.6408352780093205, 0.6347252531222164, 0.6437295768636838, 0.6355659768538909, 0.6398576062866612, 0.6367044197150997, 0.6390520649670008, 0.637136007627258, 0.6403547651952107, 0.6373226273409868, 0.6393717183456616, 0.6369251427423998, 0.6368854706790488, 0.639690030793404, 0.6417697781520916]
0.6386008622215846
rmse
[1.313657294069865, 1.316644595153124, 1.3147457360634198, 1.3127022603892844, 1.3161693807916912, 1.3145588528662746, 1.313146897454776, 1.3141519933721824, 1.3200469015798373, 1.3139992318278515, 1.3164223497671883, 1.3130427654456962, 1.3185463392025671, 1.3137224267640277, 1.3128871756501084, 1.3165151512554563, 1.3138712921228735, 1.311062176549293, 1.3155793357355416, 1.314904579237208]
1.3148188367649132
==================================================================================================================================
density = 0.2
mae
[0.5383598933677969, 0.5412778839977427, 0.5421153653234805, 0.5408157750165759, 0.539305829650034, 0.541101477392013, 0.5382786576178022, 0.5450537611049256, 0.5390413906038607, 0.5422762214531339, 0.5394621301015676, 0.540104934678862, 0.5379971674828379, 0.5401062451154633, 0.5408080383033393, 0.5420171459015682, 0.5399806957793476, 0.5388887299794013, 0.5392911181388732, 0.541271707217386]
0.5403777084113006
nmae
[0.5928393526560362, 0.5959068527368347, 0.597563264975719, 0.5959296639195908, 0.5940338743004435, 0.5955234721829307, 0.5917603032106139, 0.6005719699199307, 0.5924980860652135, 0.5966718804060157, 0.5936176324195775, 0.5945917485231181, 0.5931082481989438, 0.594247357024956, 0.5953728838151953, 0.5965880347440512, 0.5943978106632201, 0.5936192757737287, 0.593453441714521, 0.5966675180406794]
0.594948133564566
rmse
[1.2839672885215823, 1.2870292028038013, 1.2833365730090647, 1.2846932678025846, 1.2895214705201625, 1.2857806735392503, 1.286885028279853, 1.2837259294192216, 1.290813537707313, 1.2863542117705207, 1.287184786746811, 1.2855502035240771, 1.290708527047844, 1.285734512919665, 1.2856804076122783, 1.2869280434206618, 1.287363027737391, 1.283248612582966, 1.287860922972813, 1.2858852730817818]
1.286412575050982
+++++++++++++++topK: 45
==================================================================================================================================
density = 0.05
mae
[0.6610811445095657, 0.6638285950263519, 0.668880637500898, 0.6594417262055757, 0.6625758144483741, 0.6566020219133303, 0.6612936365513452, 0.6622715209592835, 0.6596092126900372, 0.6597646421109996, 0.6598040529233927, 0.6620390158312514, 0.6579693849695427, 0.6636681835013132, 0.6529850364935897, 0.6547272904886371, 0.6585755199534512, 0.6603406270183994, 0.6589434132958496, 0.6648879331478963]
0.6604644704769542
nmae
[0.7274100917400924, 0.730473921205156, 0.7367813637689965, 0.7262860527941001, 0.7298415492815444, 0.7225961401283457, 0.7279652576250166, 0.7288605416251487, 0.7257275477496825, 0.7262130072954635, 0.7263006792554061, 0.728686059341591, 0.7244543252023331, 0.730702707138948, 0.71831640932871, 0.7206274651458764, 0.7249192448523336, 0.7267656538217331, 0.7251655570486484, 0.7319530675545932]
0.7270023320951859
rmse
[1.3912378770021407, 1.3928739936127574, 1.3923651706163873, 1.3879097902768434, 1.400589101310208, 1.3865495561232404, 1.393472114437946, 1.3890497628326985, 1.3921129582867968, 1.390475592098528, 1.3883144403326406, 1.387667392200384, 1.3914601079088436, 1.3887470392258254, 1.3911298926818647, 1.3898491909981954, 1.3894818282608328, 1.3845231096464767, 1.3895109545157518, 1.3901795545518225]
1.3903749713460092
==================================================================================================================================
density = 0.1
mae
[0.626687293815391, 0.6283045088710512, 0.6300616291127515, 0.6259954811840043, 0.6268079202534023, 0.6249902727164487, 0.625823444452958, 0.6296179928867821, 0.6236672927561158, 0.6263179905232343, 0.6263663467170433, 0.6265896570423678, 0.6243156811271386, 0.6276322094982004, 0.6261431606823249, 0.6234383945441134, 0.6251731122202203, 0.6255013201746651, 0.6232434409957327, 0.6308937155507539]
0.6263785432562349
nmae
[0.6896975522010057, 0.6912017618284869, 0.6935673536401998, 0.6895330019616929, 0.6906038857188022, 0.6878064272762321, 0.6889232218459407, 0.693227837391544, 0.6859513478743273, 0.6891066297760386, 0.6892701652014197, 0.6893255410309965, 0.6875010464405517, 0.6906240048289177, 0.6892114566871619, 0.6858927741758502, 0.6881774363277502, 0.6886756337406426, 0.6855793192957997, 0.6947036952764093]
0.6894290046259883
rmse
[1.3440805904504316, 1.3460110750458232, 1.3462374974600462, 1.342246131142306, 1.3512748631261053, 1.3443076122598843, 1.3465421964143836, 1.3436688620177537, 1.3452839272678934, 1.3451975399871898, 1.3473622668518404, 1.3433650132408341, 1.348550902218361, 1.3453436375208099, 1.3426861181500584, 1.3472217104963384, 1.345577919168288, 1.3409732900459344, 1.3483206879195742, 1.3471453069666315]
1.3455698573875243
==================================================================================================================================
density = 0.15000000000000002
mae
[0.5931626670928939, 0.5919767318887361, 0.5975561645367069, 0.5919995488739279, 0.5897670202155506, 0.593975808643011, 0.5892723339231362, 0.5969646715357373, 0.5909049082220573, 0.5936498768049874, 0.5915799424847935, 0.5932789834668257, 0.5913452589529876, 0.5943130504668631, 0.5916695838307946, 0.5928822346730052, 0.591822142591287, 0.591292784415198, 0.5939773729714753, 0.5955373215467753]
0.5928464203568375
nmae
[0.6529858185051357, 0.651136527947511, 0.6583750169747076, 0.652417452644612, 0.6498613927404677, 0.6540484432916841, 0.6482162075835571, 0.6576611775997312, 0.6499616838554353, 0.6534494426581335, 0.6509392003836667, 0.6529226661496547, 0.6517565493303908, 0.6540445887267354, 0.6512690077593557, 0.6525931459950658, 0.6517024964394538, 0.6512904538852866, 0.6538548406777825, 0.6563709933434999]
0.6527428553245934
rmse
[1.319299263359156, 1.3223026235095172, 1.3203475621600342, 1.3183484042613673, 1.321894469193324, 1.3199079783054326, 1.3184721159156807, 1.319665657326018, 1.3257513628565836, 1.319416766565149, 1.321869412574559, 1.3184449684175206, 1.3240358663012295, 1.3191638896400693, 1.3181620692920797, 1.321844422853692, 1.3196121991483982, 1.316579235727157, 1.3210792919991663, 1.3205982017398965]
1.3203397880573016
==================================================================================================================================
density = 0.2
mae
[0.5453166190554213, 0.5476850055092513, 0.5490314013201939, 0.5472073263517734, 0.5460665081504934, 0.5477954477691618, 0.5447767271284918, 0.5522009881616116, 0.5455048124161638, 0.5496393284206541, 0.5459324029009771, 0.5468365827650686, 0.5444860111018919, 0.5471873272937126, 0.5472870887438482, 0.5483421694647581, 0.5465597451139478, 0.5456287805613322, 0.5459204056282021, 0.5481077714558062]
0.5470756224656379
nmae
[0.600500065877924, 0.6029606188852434, 0.6051866774728352, 0.6029725706080881, 0.601480617542833, 0.6028906974599766, 0.5989040001220741, 0.6084472008406335, 0.5996024849480742, 0.604773579698985, 0.6007374427009241, 0.6020024980812568, 0.6002617926864374, 0.602038258180712, 0.6025056382713823, 0.6035498687114927, 0.6016398705207259, 0.6010438584798415, 0.6007485247306001, 0.6042032111646998]
0.602322473849237
rmse
[1.2900848100404592, 1.2933325995187146, 1.2898569383353409, 1.2909187146011905, 1.2956252080091113, 1.2918351446359209, 1.2928782020542706, 1.2899573020320076, 1.29701240625785, 1.2926997147791488, 1.2930820137540984, 1.2918635814100141, 1.29669253585983, 1.2919379382339582, 1.2916370457779025, 1.2926351050179439, 1.2934085289762773, 1.2891931606228517, 1.2941344846950567, 1.292104851801015]
1.2925445143206482
+++++++++++++++topK: 50
==================================================================================================================================
density = 0.05
mae
[0.6610811445095657, 0.6638285950263519, 0.668880637500898, 0.6594417262055757, 0.6625758144483741, 0.6566020219133303, 0.6612936365513452, 0.6622715209592835, 0.6596092126900372, 0.6597646421109996, 0.6598040529233927, 0.6620390158312514, 0.6579693849695427, 0.6636681835013132, 0.6529850364935897, 0.6547272904886371, 0.6585755199534512, 0.6603406270183994, 0.6589434132958496, 0.6648879331478963]
0.6604644704769542
nmae
[0.7274100917400924, 0.730473921205156, 0.7367813637689965, 0.7262860527941001, 0.7298415492815444, 0.7225961401283457, 0.7279652576250166, 0.7288605416251487, 0.7257275477496825, 0.7262130072954635, 0.7263006792554061, 0.728686059341591, 0.7244543252023331, 0.730702707138948, 0.71831640932871, 0.7206274651458764, 0.7249192448523336, 0.7267656538217331, 0.7251655570486484, 0.7319530675545932]
0.7270023320951859
rmse
[1.3912378770021407, 1.3928739936127574, 1.3923651706163873, 1.3879097902768434, 1.400589101310208, 1.3865495561232404, 1.393472114437946, 1.3890497628326985, 1.3921129582867968, 1.390475592098528, 1.3883144403326406, 1.387667392200384, 1.3914601079088436, 1.3887470392258254, 1.3911298926818647, 1.3898491909981954, 1.3894818282608328, 1.3845231096464767, 1.3895109545157518, 1.3901795545518225]
1.3903749713460092
==================================================================================================================================
density = 0.1
mae
[0.6267566770747849, 0.6283651332289425, 0.6301168899103505, 0.6260715855788708, 0.6268905185938589, 0.6250582076646906, 0.6258865951572429, 0.6296815910720756, 0.6237247867789285, 0.6263821774678888, 0.6264521341209954, 0.6266773733963062, 0.6244084866624583, 0.6277126964612301, 0.6262317586873913, 0.6235078368170291, 0.6252516037412421, 0.6255950678272786, 0.6233159036816055, 0.6309860145684373]
0.6264536519245805
nmae
[0.6897739115984914, 0.69126845506782, 0.6936281843325953, 0.6896168308285651, 0.6906948908465775, 0.687881190190276, 0.6889927398338707, 0.6932978608548998, 0.686014583677938, 0.6891772514886124, 0.6893645679393768, 0.6894220397881278, 0.6876032445825757, 0.6907125698004135, 0.6893089787299881, 0.6859691729886792, 0.6882638381461496, 0.6887788497083679, 0.6856590295913074, 0.6948053296199992]
0.6895116759807316
rmse
[1.3441053899932245, 1.3460331685637927, 1.3462620689783413, 1.342282197162553, 1.3513055477484819, 1.3443386921219476, 1.346565129965024, 1.3436987088746934, 1.3453044438574409, 1.34522152703225, 1.347390539941459, 1.343394339496095, 1.348594929603406, 1.3453741877233325, 1.3427200867811517, 1.3472447798310738, 1.3456039384592162, 1.3410118513112625, 1.3483509610760345, 1.3471794540472488]
1.3455990971284015
==================================================================================================================================
density = 0.15000000000000002
mae
[0.6032842161011194, 0.601793991961859, 0.60735391197493, 0.6024633257504305, 0.6002890248401488, 0.603145147587353, 0.5988579865728914, 0.6065105759934797, 0.6009754449607905, 0.6032258214760489, 0.601719701066227, 0.6029950907090071, 0.6015954383457327, 0.6037886892208807, 0.601300891069905, 0.6021782028152651, 0.6019049346334047, 0.6012826973597927, 0.6035959213493558, 0.605805073685445]
0.6027033043737033
nmae
[0.6641281717420108, 0.6619348858788704, 0.6691699723592868, 0.6639491348355782, 0.6614555381324292, 0.6641451370884598, 0.6587606961843882, 0.6681776638614438, 0.661038699674663, 0.6639899918146623, 0.6620963845088729, 0.6636155557040607, 0.6630538776675816, 0.6644725782297862, 0.6618704854767481, 0.662825338393904, 0.6628054617934653, 0.6622940296221266, 0.6644430123882773, 0.6676875883356648]
0.663595710184614
rmse
[1.3231386588280074, 1.3262836016501787, 1.3241889226360917, 1.322512429251428, 1.325972511233502, 1.3235963464413654, 1.322170936393291, 1.3233948332306786, 1.3297209204704759, 1.323277019392454, 1.3257402723455942, 1.3222847188789697, 1.3279363014331824, 1.3229380061643299, 1.3219557149118626, 1.3256272681131087, 1.3235396847965395, 1.3204438675992316, 1.3248772090911494, 1.3246853585275884]
1.3242142290694514
==================================================================================================================================
density = 0.2
mae
[0.5537251606796854, 0.5554194465099986, 0.5575080142187567, 0.5550195046364617, 0.5543206051132359, 0.5558728429893666, 0.5528510938907614, 0.5608607802275323, 0.5534706027357834, 0.5582409981664571, 0.5537494196425095, 0.5550083968869229, 0.5524574215601058, 0.5557976607625001, 0.5551957878272832, 0.5560864467243131, 0.5545434864120012, 0.5537508543060898, 0.553940742942817, 0.5566063648521031]
0.5552212815542342
nmae
[0.6097595119004093, 0.6114756654642632, 0.6145302836563235, 0.6115808786396567, 0.6105723293843519, 0.6117804873583791, 0.6077806101378236, 0.6179890639581064, 0.6083582421137422, 0.6142380818453388, 0.6093391938003367, 0.6109987003659264, 0.609049774442302, 0.6115117052167424, 0.6112122858191952, 0.6120738484153192, 0.6104281816317655, 0.6099908252021334, 0.6095743641019133, 0.6135715830211819]
0.6112907808237605
rmse
[1.2958219186142441, 1.299086299465833, 1.2958431243785822, 1.2967825202730865, 1.3014284384085222, 1.297701481518465, 1.2984678180587994, 1.2959410674534884, 1.3027176400979628, 1.2986034571568896, 1.2985561735051891, 1.2975937423398, 1.3022737623571798, 1.2977807753856083, 1.297177649219636, 1.2981738053376553, 1.299185650617544, 1.2948130653540275, 1.2998118648634955, 1.2979011598858845]
1.298283070714595
程序运行时间：1819.932796494684 秒
