Parameter setting:
----------------------------------------------------------------------------------------------------------------------------------
method:IPCC
dataPath:..\DataSet\tpData.txt
program path:C:\Users\Administrator\PycharmProjects\PaperNew\cIPCC
outPath:C:\Users\Administrator\Desktop\experiment data201903\tp\2019-03-16IPCC339and5825_tp.txt
parallelMode:True
threadNum:25
metrics:['MAE', 'NMAE', 'RMSE']
density:[0.05 0.1  0.15 0.2  0.25 0.3 ]
rounds:20
topK:10
lambda:1
numUser:339
numService:5825
saveData:True
----------------------------------------------------------------------------------------------------------------------------------
(339, 5825)
==================================================================================================================================
density = 0.05
mae
[27.227841466658333, 27.146741349493812, 27.294667903968495, 27.110126093537797, 27.098582303256784, 26.9604163589591, 26.866823993274892, 27.217242031361806, 26.98862435655775, 27.069647212703956, 27.063242238019303, 26.88511281515295, 27.074458825642964, 26.93291139572686, 27.179871838712167, 27.01635528232603, 27.07192937712964, 27.132367959275225, 26.92016206502008, 26.980300924136607]
27.061871289545728
nmae
[0.5729494035920528, 0.5709281844410273, 0.5741176235711094, 0.5701720081569928, 0.5696816702237802, 0.5664120351166316, 0.5647212547242738, 0.5722638391852142, 0.5674207632136633, 0.5692760019247336, 0.5691787151614746, 0.5650876197478356, 0.5691364299735925, 0.5659377905275547, 0.5714809203025103, 0.5678167025508101, 0.5691205344843282, 0.5703814192011536, 0.5660286091706042, 0.5671394116425645]
0.5689625468455954
rmse
[63.16374517907748, 63.326059918650195, 63.5945499170702, 63.51167211630665, 63.49480243922211, 63.267209586762554, 63.45364572659447, 63.57312743847541, 63.13420605238128, 63.21368385861342, 63.20621415508457, 63.071013373166195, 63.578695728752514, 63.26126577075182, 62.98517574230758, 63.63645380247919, 63.4313255987131, 63.313183023448246, 63.42952093392657, 63.41402494165717]
63.35297876517204
==================================================================================================================================
density = 0.1
mae
[26.195328804663855, 26.300226824197047, 26.359786654317382, 26.288503240230007, 26.323654705025863, 26.24752809480782, 26.267165691857926, 26.31260247860484, 26.20164092315494, 26.209401952581583, 26.092489459669284, 26.23446895313535, 26.214226785163824, 26.295113993107737, 26.380679252361496, 26.058361286505516, 26.233514013834267, 26.14015996628902, 26.116928518486908, 26.09716484809312]
26.22844732230439
nmae
[0.5510506809137564, 0.5534374618355752, 0.5544039267101579, 0.5528290272034438, 0.5532125936455315, 0.551288451997215, 0.552340928760748, 0.5536371120057392, 0.5508554845695148, 0.5515089235982148, 0.5485464035140978, 0.551599900115233, 0.5511607214275133, 0.552598590811853, 0.5549425968484399, 0.5474585756127467, 0.5510338253024002, 0.5495911145432537, 0.5491710474524956, 0.5486906168336293]
0.551467899185078
rmse
[60.47021723178924, 60.34447354485032, 60.61372475119463, 60.51049840945713, 60.56381401387979, 60.64709856054674, 60.53914979583065, 60.41960686404592, 60.37159979098308, 60.345792245971175, 60.43175000419224, 60.46092237688145, 60.49885161580339, 60.50929771039092, 60.57733441961003, 60.51357373034841, 60.4887958803911, 60.45650279362929, 60.43117597374682, 60.51415391518895]
60.48541668143656
==================================================================================================================================
density = 0.15000000000000002
mae
[25.541473273650357, 25.65786983455595, 25.551828088218446, 25.748185552993416, 25.650701116578386, 25.676240056570226, 25.786772907307114, 25.65335542249919, 25.615734509206913, 25.577754821680504, 25.468390159062633, 25.463362589592958, 25.519143261120583, 25.821681026611007, 25.680045780398533, 25.49002087305572, 25.705942760895308, 25.449360946662445, 25.342559471363064, 25.506291451159825]
25.59533569515913
nmae
[0.5376109428853908, 0.5401176825385825, 0.537564824198664, 0.5411359013733621, 0.5392610033066542, 0.5394029890069858, 0.5424591701506195, 0.5400914485987643, 0.5385630965399206, 0.5384763252119331, 0.5353805634913582, 0.535431725835401, 0.5366645985314322, 0.5426581997111302, 0.5402333985343252, 0.5358554681848293, 0.5397821462182693, 0.5350385529882731, 0.5332842963236045, 0.5359646165187123]
0.5382488475074105
rmse
[57.66604442479512, 57.69826837556657, 57.62501421675135, 57.89071011356644, 57.82063787380124, 57.89049611676556, 57.865782080437555, 57.731104465353155, 57.514391113059425, 57.552227209556506, 57.86836245769603, 57.643818083690675, 57.8519318939951, 57.93506237042417, 57.76272875573255, 57.61234602355515, 57.87319341248596, 57.7884962648622, 57.75829385918931, 57.65861083637229]
57.75037599738281
==================================================================================================================================
density = 0.2
mae
[23.88233848519262, 24.016281919938763, 24.056552450066683, 24.13348570744421, 23.809854461202626, 24.094342150491123, 24.239868266673636, 24.045670129118072, 23.96955571731759, 24.01721545842175, 23.770806756319452, 23.82310450638787, 23.959535987127033, 24.16461515082763, 24.034576892283372, 23.939477345396572, 24.076650298326737, 23.996050454340317, 23.87770147711239, 24.066487731390566]
23.998708567268952
nmae
[0.5027952514112437, 0.5061079026616117, 0.5058466729319084, 0.5069866142029198, 0.5005322381755268, 0.506231294424848, 0.5094987182681902, 0.5067053729778151, 0.5038988031484606, 0.5053973767770562, 0.4996548399589781, 0.5009493172038497, 0.5038273717333379, 0.5078903677013331, 0.5053439184892194, 0.5030959748459909, 0.5057258065023615, 0.5041090126375632, 0.5026483034425963, 0.5057392043955518]
0.5046492180945181
rmse
[54.605648682416856, 54.83752945595469, 54.834837864043806, 54.785959956328746, 54.7210896083981, 55.158744725070136, 54.97432695856884, 54.59030029563993, 54.69320539117493, 54.754019937367154, 54.79600135473257, 54.8192587115055, 54.877039704879806, 54.89618638786992, 54.752625402827384, 54.73076111255619, 54.90647685120968, 54.92005886343299, 54.78798374863102, 54.9272307236096]
54.8184642868109
==================================================================================================================================
density = 0.25
mae
[22.63016935828851, 22.598165149847336, 22.648662951112218, 22.699336335963373, 22.50323460738531, 22.625509068806892, 22.817246016122727, 22.686482476625564, 22.47975781624144, 22.497796727978884, 22.432899379407832, 22.368342176179826, 22.522097742894882, 22.663506842313495, 22.684943885026865, 22.593058786920952, 22.657429864606762, 22.64565912939245, 22.543393769378937, 22.62520442482581]
22.596144825466006
nmae
[0.4761883511696424, 0.47568549691004675, 0.4768782047649626, 0.47713328068116545, 0.47284291871888845, 0.47514955487120647, 0.4796989611297836, 0.4778413994943435, 0.4725927307298836, 0.4734077473750729, 0.4715848152357274, 0.47071201693413095, 0.4733441422017441, 0.47634130901050487, 0.4765895075385473, 0.47454109540572287, 0.47605437461500577, 0.47527714627178924, 0.4745688447030411, 0.47538400599041175]
0.47509079518758107
rmse
[52.63694691741266, 52.7711485720865, 52.66899050499459, 52.45708412672648, 52.459456950994664, 52.82619220101215, 52.66500177555799, 52.5383849319722, 52.435636036508406, 52.357299767600125, 52.59826509466989, 52.42424956632604, 52.67040771850638, 52.665787177338714, 52.60703013710605, 52.41836826906776, 52.62584230514538, 52.78774343476913, 52.725733013998806, 52.807153194976614]
52.60733608483853
==================================================================================================================================
density = 0.3
mae
[21.62801864194108, 21.557022763289517, 21.717338347193845, 21.621408917517044, 21.528922927264418, 21.63844049978838, 21.76983212679694, 21.595459688097197, 21.440059925847585, 21.57174624162771, 21.477290459463795, 21.418597181209027, 21.440190117985413, 21.668279730107216, 21.53644136647744, 21.509661049647285, 21.575046013770717, 21.64010965675101, 21.50588833465762, 21.64212954794533]
21.57409417686893
nmae
[0.4548072179450521, 0.45343030477986135, 0.4571110297752431, 0.45420648986589357, 0.4528131165652709, 0.4541816049902585, 0.4575227965318973, 0.4549571317134307, 0.45082110341347187, 0.4541554892043102, 0.45141817278860896, 0.45057874857945623, 0.45081534049087035, 0.4555902225356699, 0.45235324410925976, 0.45198201445014263, 0.4536760745849752, 0.4543290247192356, 0.45225620191240085, 0.454923283368579]
0.4535964306161945
rmse
[50.93188381994112, 50.9707069151152, 51.115157108964475, 50.88556818062333, 50.79160204753353, 51.34038437516571, 50.98953974078069, 50.82258194755006, 50.80880934851619, 50.801961819182715, 50.911427948509846, 50.809199728494626, 50.88260976883749, 51.03887832000101, 50.91161774723271, 50.809135757559964, 50.7524756129519, 51.13457515394151, 51.19299263228633, 51.09249268494132]
50.94968003290649
程序运行时间：640.805555315 秒