Parameter setting:
----------------------------------------------------------------------------------------------------------------------------------
dataPath:..\DataSet\tpData.txt
program path:C:\Users\hp\Desktop\ZhaoZhuangData\cythonPaper\cUIPCC
outPath:C:\Users\hp\Desktop\ZhaoZhuangData\实验数据201906\UIPCC更新\2019-06-04UIPCC_tp.txt
parallelMode:True
threadNum:6
metrics:['MAE', 'NMAE', 'RMSE']
density:[0.05 0.1  0.15 0.2 ]
rounds:20
topK:10
lambda:0.8
numUser:339
numService:5825
method:mainUIPCC.py
saveData:True
----------------------------------------------------------------------------------------------------------------------------------
当前日期： 2019-06-04 12:16:22
数据集： (339, 5825)
==================================================================================================================================
density = 0.05
mae
[26.55136353550892, 26.52935454895129, 26.891144511393115, 26.49327547137321, 26.48599595791435, 26.417335905132386, 26.072785049358682, 26.61919433280359, 26.73311667482771, 26.26973669206582, 26.71451276546431, 26.382527470921993, 26.760370700664012, 26.37607009659186, 26.67691002317922, 26.29083276012467, 26.46113474962768, 26.576066451635498, 26.295417889608448, 26.50766155253673]
26.505240356984178
nmae
[0.5587144291571583, 0.5579438073994651, 0.5656298891895878, 0.5571985916277236, 0.5568035348119135, 0.5550024448125178, 0.5480311290577439, 0.559689417735809, 0.5620488568186274, 0.5524538446388159, 0.5618444352780043, 0.554523975925908, 0.5625339344149994, 0.5542369561886069, 0.560905701886344, 0.5525680207105832, 0.5562800841410387, 0.5586867509028483, 0.5528926155669409, 0.5572042958007518]
0.5572596358032694
rmse
[60.679439875220275, 60.895802054446655, 61.28625392988922, 60.98570638356872, 61.06742998800918, 61.04033931016586, 60.9561777573039, 61.11910735846066, 61.00087382560648, 60.82095756952846, 60.95515689159511, 60.82748800221882, 61.292216309221764, 61.0025024394041, 60.64395663029859, 61.25991118679196, 61.01540803968086, 60.91609652807858, 61.09790661727459, 61.08087558963328]
60.99718031431985
==================================================================================================================================
density = 0.1
mae
[22.353146690513963, 22.562688655735602, 22.639262702940513, 22.584709475176407, 22.519222255503422, 22.52511607796845, 22.177634039039106, 22.49073103205574, 22.40845769281201, 22.080633643787206, 22.412456493909662, 22.438803657114953, 22.57780154138154, 22.415664813069938, 22.553148693234792, 22.287599339770434, 22.39906651785421, 22.442945058098882, 22.178315096746395, 22.384584180024905]
22.421599382836906
nmae
[0.4702256954369565, 0.4747881919530886, 0.47615317623510844, 0.47494080795468424, 0.4732594121312755, 0.47310498454661154, 0.4663470405044832, 0.4732220382081119, 0.4711087315879113, 0.46462969720879604, 0.4711805066608679, 0.47179311607489943, 0.4747039646745508, 0.4710709674451319, 0.474426863054042, 0.46823886023473615, 0.4704914217754897, 0.47185798419062347, 0.46635225592436347, 0.470633931800435]
0.4714264823801084
rmse
[54.59405333414351, 54.41612954813232, 54.696305623796086, 54.741440839758496, 54.78877865014188, 54.94892683466383, 54.369983385840506, 54.372313375894436, 54.56593881571288, 54.330162330843145, 54.803068281296866, 54.62746595303224, 54.64072947301257, 54.615641726885194, 54.5810358413902, 54.82570145040166, 54.529889591302606, 54.81876033515859, 54.53476010017153, 54.837390183195375]
54.631923783738706
==================================================================================================================================
density = 0.15000000000000002
mae
[20.252512500723277, 20.569045794857683, 20.35263040665355, 20.538295561866175, 20.354013739794297, 20.400425219321768, 20.32998038009045, 20.33778958629057, 20.3325696184265, 20.033990122509383, 20.21983416378441, 20.330741387191186, 20.447026859183683, 20.26335655633373, 20.297472367528194, 20.199344923353852, 20.25752927870164, 20.15490041029352, 20.15159641443902, 20.30099665227485]
20.306202597180892
nmae
[0.42628599472938344, 0.432994064526198, 0.42818299139926347, 0.4316424184014353, 0.42790744084359095, 0.42856938227993613, 0.4276682594523963, 0.42818048781731, 0.42748614724974837, 0.42176607977166614, 0.42504870314532434, 0.4275053583420305, 0.42999858374020405, 0.4258466587683652, 0.42699972470984193, 0.424633996371972, 0.4253745031974139, 0.42372964781893346, 0.4240506932938205, 0.426585570329527]
0.4270228353094181
rmse
[50.708656742705784, 50.77196077871452, 50.54407864402778, 50.862499926085356, 50.73540798749015, 50.76549475277135, 50.56856776357632, 50.59812965470975, 50.45605819880362, 50.336600598390845, 50.76182089751481, 50.58952756661519, 50.79539253716283, 50.65694408298351, 50.48174905407323, 50.656478002843855, 50.64826385820781, 50.71153076481282, 50.781776929814896, 50.60654836718194]
50.65187435542432
==================================================================================================================================
density = 0.2
mae
[18.837236524386736, 19.143218259967046, 18.999893352706025, 18.93696713813522, 19.01522472138991, 19.051980879891968, 19.006886058263458, 19.027317962626785, 18.80657280683222, 18.839540564516703, 18.738834026076443, 18.79919806255954, 19.096119539169692, 18.837590602553, 18.9172639698017, 18.86877735587574, 18.92221681401802, 18.812751716885714, 18.928893803608013, 19.092133526526293]
18.933930884289513
nmae
[0.39658063970764046, 0.40341523621530223, 0.3995182958354777, 0.39782023073748, 0.3997392342198787, 0.40028936594098197, 0.3995064650689073, 0.4009555231045624, 0.3953602494951734, 0.3964428931186917, 0.3938843646452153, 0.395307229202389, 0.40155818221583045, 0.39592729940125443, 0.3977488076631712, 0.3965335500455977, 0.3974578373864101, 0.39521827606757287, 0.398471199815807, 0.40120687853113424]
0.39814708792092396
rmse
[47.77842638545523, 48.20275427689973, 48.00172241490146, 47.97527511895481, 47.96417573002401, 48.23672768257701, 47.94250271645408, 47.673999525787856, 47.71567432290346, 47.853753402181006, 48.05354494392524, 47.573932019322, 47.97384804531259, 47.923461769525225, 47.80777439258708, 47.96406336037663, 48.02219731254552, 48.01776072783571, 48.09815907520836, 48.01715406238046]
47.93984536425787
程序运行时间：568.1602672756818 秒
