Parameter setting:
----------------------------------------------------------------------------------------------------------------------------------
dataPath:..\DataSet\tpData.txt
program path:C:\Users\Administrator\PycharmProjects\PaperNew\NMFNew
outPath:C:\Users\Administrator\Desktop\experiment data201903\2019-03-16NMF339and5825_tp
parallelMode:True
threadNum:25
metrics:['MAE', 'NMAE', 'RMSE']
density:[0.05 0.1  0.15 0.2  0.25 0.3 ]
rounds:20
maxIter:300
dimension:10
lambda:800
numUser:339
numService:5825
method:NMF
saveData:True
----------------------------------------------------------------------------------------------------------------------------------
(339, 5825)
==================================================================================================================================
density = 0.05
mae
[18.663715325057595, 18.735264152753572, 19.02056425168004, 18.817026243140972, 19.0058287560808, 19.013788306434716, 18.83956795191411, 18.838845339080603, 18.914633214530166, 18.682262331813156, 18.932071554105182, 19.05836842670961, 18.952813506748598, 19.015617422820437, 19.155183527977602, 18.954508281417155, 18.74146341243999, 19.040437514924406, 18.813002551014513, 19.00790312853567]
18.910143259958943
nmae
[0.392736404661313, 0.39402483745822076, 0.4000796487275973, 0.3957540294566156, 0.39955124399441405, 0.39946113541179373, 0.39599412475889434, 0.3961014840201768, 0.3976696060052203, 0.392888888561961, 0.3981685589530954, 0.40058035555114585, 0.39841005453338063, 0.39957271427758456, 0.4027547287967936, 0.39837669731369013, 0.3939930370576798, 0.4002714318291139, 0.39556588264788484, 0.3995556249423692]
0.3975755244479472
rmse
[56.86652580666225, 57.277157122313135, 58.13949116522936, 57.4767808001079, 58.229922806001795, 58.07164638724834, 57.93306203803073, 58.31858566049106, 57.603723092942126, 57.17998180787388, 57.13559916790042, 58.19608359224075, 58.11641591615092, 58.235054239743526, 57.913329620546094, 58.1010896226394, 57.19326389406148, 57.5651899161341, 57.31776438399684, 58.444210301023524]
57.765743867066874
==================================================================================================================================
density = 0.1
mae
[15.43784499144384, 15.519204390639935, 15.508423921460398, 15.728932353320557, 15.754149667990864, 15.61199884197561, 15.55370341963316, 15.556740597427947, 15.591285367589116, 15.58742700000241, 15.648670129414764, 15.706288130569243, 15.67108820111728, 15.504453223519587, 15.66211183315183, 15.459777015731852, 15.630305997852462, 15.53705978692367, 15.59297238498101, 15.747898844723617]
15.600516804973461
nmae
[0.3247538924902346, 0.3265716735097208, 0.32617605111516196, 0.33076856039974756, 0.33108601735476806, 0.3279057228965342, 0.3270602962363904, 0.3273256206255398, 0.32778653372945854, 0.3279969952000499, 0.3289843896473403, 0.3302367957010868, 0.3294885769192453, 0.32583007644959905, 0.32946737002770393, 0.32479354366408913, 0.32831390030713037, 0.3266632651075084, 0.32787963452503144, 0.33109820094409087]
0.32800935584252155
rmse
[47.36804054990872, 47.90391104383093, 48.07834843219474, 47.8487161108396, 48.55278720578116, 48.14018827323756, 47.87841235163983, 47.97484354748296, 48.05482021860665, 47.50446706911001, 47.991981151311386, 48.06562884758468, 48.0944984195941, 47.60977833959206, 47.83170752233396, 47.66322408510408, 47.86334816956547, 47.616761133744895, 47.744288700325484, 48.5429093704767]
47.91643302711325
==================================================================================================================================
density = 0.15000000000000002
mae
[14.292434299471628, 14.203163306848362, 14.117773975770412, 14.258742465482184, 14.452246613587677, 14.274658409556297, 14.361769685159425, 14.10347115892508, 14.125525834187208, 14.336496007399052, 14.26703390570453, 14.551481808037988, 14.380969588633178, 14.20562176197471, 14.034503075769367, 14.23700711948997, 14.203748124576833, 14.25703264122081, 14.333566212849496, 14.460590204148986]
14.27289180993966
nmae
[0.30083499873099867, 0.29898739449056577, 0.297012748330941, 0.299668395686713, 0.30383313787245464, 0.2998800991190333, 0.30211898531507553, 0.29692662199714165, 0.29698492271538, 0.3018194419447713, 0.2999126605208067, 0.30598178031382967, 0.3024301087150863, 0.29853970867295615, 0.29524508477124917, 0.2992927370894887, 0.2982551435028859, 0.29973491791218204, 0.30162169611418915, 0.3038609002897022]
0.3001470742052726
rmse
[43.70062786475832, 43.95922467118851, 43.69224182685875, 43.685411425895744, 44.34315592607478, 44.03086911790642, 44.22676756363254, 43.57586304426097, 43.68002576528688, 43.836119295038664, 44.02552464257253, 44.39260831745772, 43.96238772534407, 43.82233302973948, 43.1925468888944, 43.86607744290272, 43.5487761769219, 43.65195677309604, 43.935330378571976, 44.56859730236358]
43.8848222589383
==================================================================================================================================
density = 0.2
mae
[13.570036536577176, 13.565503565929784, 13.457641980519355, 13.860598610454455, 13.499969583710975, 13.30450477208675, 13.521453935845328, 13.418958247694531, 13.486319043860759, 13.621129370908367, 13.617153864006944, 13.414684624769603, 13.532588678538032, 13.512239575363093, 13.548517340007376, 13.531176805830444, 13.430487809808412, 13.599501737637246, 13.465724186050492, 13.958238686418708]
13.54582144780089
nmae
[0.28569019471432444, 0.28587308315203364, 0.2829791773149783, 0.2911779112858285, 0.28379719842668405, 0.2795327064913353, 0.28420795747092353, 0.28277266582136096, 0.2835154771003921, 0.28663119022751105, 0.28622826748647745, 0.28208234159747764, 0.28456680422856934, 0.2839994050625143, 0.28486712593291696, 0.2843621223523399, 0.28210503517624, 0.2856983238290831, 0.2834662885467465, 0.2933219257758608]
0.28484376009967993
rmse
[41.57424005163043, 41.817924143788225, 41.70141485363732, 42.09158309470258, 41.63686325293493, 41.32448191282628, 41.771460845445205, 41.35594553519522, 41.734278027704505, 41.64600770522025, 42.0249822084044, 41.444138316266134, 41.408540224222094, 41.63755990835351, 41.66670748754619, 41.89188405102577, 41.50263000406826, 41.58144370526592, 41.51894282063978, 42.637413177413464]
41.698422066314514
==================================================================================================================================
density = 0.25
mae
[13.093311653836551, 13.124596852339208, 12.976821243061305, 13.257738354138052, 13.134152585014567, 12.986879930861152, 13.080307181738368, 13.06859081723083, 13.192987586632201, 13.181829964848902, 13.110274361238497, 13.077030834639858, 13.076067919014879, 13.103392650104656, 13.183008907886768, 13.021629405760493, 13.044931572337346, 13.238394436274875, 12.992474222004311, 13.466144248585056]
13.120528236377393
nmae
[0.2755119676339102, 0.27626934904010064, 0.2732330482953746, 0.2786737066537208, 0.2759777050522035, 0.27273243662932, 0.2749941759800761, 0.27526143517218177, 0.27735663706960834, 0.27737740301385355, 0.2756044240099273, 0.2751887248147604, 0.27481810189952033, 0.27540694610315336, 0.2769627183178988, 0.2735042802506287, 0.2740865481510508, 0.27784160721233364, 0.2735091062351831, 0.2829406301899698]
0.27586254758623874
rmse
[40.12841300817994, 40.58162566887553, 40.150628306910086, 40.436509411379966, 40.34235676017639, 40.167907292839466, 40.280254880087206, 40.26355359451768, 40.62185726908038, 40.39603892989152, 40.27932160061059, 40.27933586263831, 40.4750473053468, 40.38892481082186, 40.638759984198025, 40.43633422052187, 40.30000455217065, 40.56562381241209, 40.09467247576144, 41.237530674347]
40.403235021038334
==================================================================================================================================
density = 0.3
mae
[12.739539398906054, 12.846287545650597, 12.758331039487398, 12.916148663607846, 12.878149610302687, 12.65775102160716, 12.832123274072586, 12.68750593391679, 12.980068110519232, 12.852641069474343, 12.866079492893377, 12.794642506144834, 12.701656597035825, 12.892830762317718, 12.79100181619155, 12.850780623906443, 12.727944837558654, 12.775691762472203, 12.776636803446, 13.34598984059735]
12.833590035505432
nmae
[0.267894834373873, 0.2702087454782291, 0.26853999078699703, 0.27133285205713037, 0.27086329772912415, 0.26568077651514893, 0.26968462097459234, 0.2672909672524094, 0.2729324753850923, 0.27058993866757475, 0.2704243399136822, 0.269158337502981, 0.2670732681044368, 0.27108047843583916, 0.26866328881836354, 0.2700331585999278, 0.2676408684251289, 0.26822265093036596, 0.26868516863954406, 0.28053623395229393]
0.26982681462713676
rmse
[39.169752083072005, 39.75634495350302, 39.28885181251171, 39.45525109880328, 39.65139324720801, 39.28376369451036, 39.58869434393485, 39.28958450687884, 39.77484198104872, 39.438097399417295, 39.73566878412318, 39.58981970070268, 39.3465786278105, 39.603994917309485, 39.394808667232354, 39.58568671586765, 39.286282612240335, 39.55585989311474, 39.407006655395485, 40.49745239960641]
39.53498670471455
程序运行时间：1706.292010996 秒
