Parameter setting:
----------------------------------------------------------------------------------------------------------------------------------
currentDate:2019-06-06 21:05:14
dataPath:..\DataSet\rtData.txt
program path:C:\Users\hp\PycharmProjects\test\ourNMF0407
outPath:C:\Users\hp\Desktop\ZhaoZhuangData\实验数据201906\rt\2019-06-06ourNMF参数theta分析_rt.txt
parallelMode:True
threadNum:7
metrics:['MAE', 'NMAE', 'RMSE']
density:[0.05 0.1  0.15 0.2 ]
rounds:20
topK:5
u:0.1
dimension:10
lambda:30
weight:[0.05 0.1  0.15 0.2  0.25 0.3  0.35 0.4  0.45 0.5 ]
maxIter:300
numUser:339
numService:5825
method:mainOurNMF.py
saveData:True
----------------------------------------------------------------------------------------------------------------------------------
数据集： (339, 5825)
算法创新点：
1.改进PCC，在PCC前面加上一个min(sigma_u1,sigma_u2)/max(sigma_u1,sigma_u2)
2.利用局部平均值
3.利用以上两点改进的UIPCC对稀疏矩阵进行填充，在利用NMF进行矩阵分解时，原来的真实调用的数据权重为1，填充的数据权重为一个小于1的参数weight
++++++++++++++++++++++++w:  0.05
==================================================================================================================================
density = 0.05
mae
[0.5112756959278171, 0.5152805422777308, 0.5110311887033399, 0.5137202003795205, 0.5124351573915245, 0.5140018219689589, 0.5142036459103658, 0.5104203392321472, 0.5146821644972047, 0.5143151945944976, 0.5120764581896226, 0.5164807144083775, 0.5101838040221892, 0.5129352905875182, 0.513059447102609, 0.5105382865240281, 0.5121895741553625, 0.5096710050029722, 0.5107509384365374, 0.5169086851647663]
0.5128080077238546
nmae
[0.5625740561020518, 0.5670123297767721, 0.5629079913990374, 0.5657934609644685, 0.5644583774738777, 0.5656634006264647, 0.5660456548757347, 0.5617412694575268, 0.5662732083255161, 0.5661145813591252, 0.5636847451390357, 0.568474496983573, 0.5617356550550804, 0.5647448751303006, 0.5643912175903854, 0.561925425474707, 0.5637866396008575, 0.5609398635026647, 0.562080113877943, 0.5690476227484822]
0.5644697492731802
rmse
[1.3338828470460906, 1.3383720750278973, 1.3295103360230418, 1.3367112297923052, 1.336535638522978, 1.3367183737456132, 1.3369088814476022, 1.3292860094697536, 1.3407690438898976, 1.3402812296651512, 1.3372616563640385, 1.3350977834783726, 1.3357612987141623, 1.331220643481648, 1.3410580662098375, 1.3353845839864729, 1.332097905554276, 1.3334648613275466, 1.33619626266934, 1.3352310189679208]
1.3355874872691973
==================================================================================================================================
density = 0.1
mae
[0.4618593941288574, 0.46476020226339165, 0.46545027637633896, 0.466109456350584, 0.465972513225898, 0.4633890183530025, 0.4626224467991313, 0.4629787757638914, 0.4635700502573859, 0.46366256561195307, 0.4640335803207237, 0.46579982480130633, 0.4650307766675058, 0.46455274620763476, 0.46495990170177154, 0.4633542012821467, 0.4600540775828971, 0.45939812297860183, 0.4624590149220082, 0.46515712355826105]
0.46375870345766457
nmae
[0.5082970354359039, 0.51128563633808, 0.5123643490114317, 0.5134188062703916, 0.5133987907202332, 0.5099630491321577, 0.5092671892880273, 0.5097531822580875, 0.5098656038269618, 0.5101449308126037, 0.5106348772456625, 0.5124369874838088, 0.5120953313374578, 0.5111772040773641, 0.5117930072154561, 0.5097717774918963, 0.5064178696981494, 0.5057963640959308, 0.5087134750201202, 0.5122041393897399]
0.5104399803074731
rmse
[1.2246588875908946, 1.2265372645553843, 1.2293457571500956, 1.2285363589051002, 1.2319352013538123, 1.224284637696056, 1.226731604139141, 1.219413218469391, 1.228086388550016, 1.2315031804730558, 1.2302382173285256, 1.2260929969988632, 1.2336737115931826, 1.2254837675473567, 1.2267613548294667, 1.2269972699582026, 1.2212278632078364, 1.2214723847798106, 1.2316302929537069, 1.2260731034497714]
1.2270341730764833
==================================================================================================================================
density = 0.15000000000000002
mae
[0.4370095258424813, 0.43780559890522097, 0.43709809016497014, 0.4359148387093154, 0.4365313111635639, 0.43707940345503404, 0.4372122583521216, 0.4374537446983805, 0.4372657243991526, 0.43591703231889734, 0.4360203821201353, 0.4393246729202052, 0.4384836541822983, 0.43646293340416636, 0.44022377240091676, 0.43881467869004115, 0.4331441057472834, 0.43586136815439197, 0.43636561327660506, 0.4352523120303339]
0.4369620510467758
nmae
[0.4810839231089103, 0.48155814617508685, 0.48158563095920826, 0.4804031509511909, 0.4810117150055182, 0.4812840847470205, 0.48094583048085543, 0.4819319443873089, 0.48096734782229567, 0.4798278462500945, 0.47977076047597284, 0.48349097935714225, 0.4832787429354451, 0.4803297177279622, 0.48456791979629127, 0.48300899390768454, 0.4769694722768813, 0.4800876245717968, 0.48035460865937635, 0.47971299541798157]
0.48110857175070115
rmse
[1.170892380369868, 1.1691559587059344, 1.1639903635254318, 1.168998024479927, 1.1698289696959938, 1.1668769996424155, 1.1678305459468825, 1.1686669970199877, 1.1775133695421498, 1.1721657377469723, 1.1766821260942213, 1.1700533137742488, 1.1792795631309794, 1.1705255359384574, 1.1750761297535595, 1.1710406249258931, 1.1641427219496734, 1.168279157225808, 1.1704675476244661, 1.169147334328672]
1.1705306700710771
==================================================================================================================================
density = 0.2
mae
[0.41891476655391857, 0.42032652905144136, 0.4202176598127805, 0.4206350184754953, 0.4191002061639726, 0.4243037765084176, 0.4226668971158665, 0.4207864842946197, 0.4217945436101414, 0.41979732941541065, 0.4177993129215722, 0.42286353516123076, 0.4195789394945136, 0.4186502655518026, 0.4211463907346966, 0.42460978082574036, 0.4148003531353045, 0.41918591206969125, 0.41840470032341587, 0.42144108276502934]
0.4203511741992531
nmae
[0.461306947418188, 0.4627483709456097, 0.4631977856749101, 0.4635014301963175, 0.4616299426046517, 0.4669786884790953, 0.4646617280003087, 0.4636470488272683, 0.4636238777912671, 0.4619071462519668, 0.45974133330978223, 0.4655228134652765, 0.4625595538896589, 0.4606164362509276, 0.4636379702245434, 0.46735996562354837, 0.45660228910610157, 0.4617592161314483, 0.4604261058357038, 0.4645729704708082]
0.46280008102486914
rmse
[1.1361129850225733, 1.1362146250942384, 1.1315058452285978, 1.136421234406431, 1.139469580833275, 1.139610278601402, 1.1408097452680168, 1.1361490019353129, 1.1443680112928991, 1.1408336438697555, 1.1435149519791665, 1.1395636964905353, 1.141324580332963, 1.1377389308410901, 1.1405289823142724, 1.139611479478506, 1.1353750631973283, 1.1354012148378823, 1.143641064573078, 1.1391360513691071]
1.1388665483483216
++++++++++++++++++++++++w:  0.1
==================================================================================================================================
density = 0.05
mae
[0.5044701200629697, 0.5098085183751746, 0.5053351314968643, 0.5084867834871554, 0.5078367498296871, 0.5085857274812033, 0.509703585745214, 0.5040440792171131, 0.5098926015083961, 0.5082967990615966, 0.506636491011024, 0.5116242887732999, 0.5049682705875101, 0.5076457472517116, 0.5069476749962707, 0.5046305549378147, 0.5065889596138385, 0.5035257985789953, 0.5050016641186466, 0.5108384271495746]
0.507243398664203
nmae
[0.5550856492622751, 0.5609909399376226, 0.5566337048351844, 0.5600295586417378, 0.5593931323713931, 0.5597029423262934, 0.5610918986676202, 0.5547238994196775, 0.5610035460227639, 0.5594900415761851, 0.5576965250918303, 0.5631291780916541, 0.5559931146857202, 0.5589210557412022, 0.5576679606262828, 0.5554230638050752, 0.5576218291256101, 0.5541764980790396, 0.5557530520555843, 0.5623650770839348]
0.5583446333723343
rmse
[1.3205954635341854, 1.3259316326495914, 1.3167710926760583, 1.3245330386267928, 1.3261086496416095, 1.3240734771942744, 1.3255695151023115, 1.314719581141617, 1.3282277223501306, 1.3261644379123236, 1.3240850408725704, 1.323512753156728, 1.3232104267099867, 1.3192095976613456, 1.3251996550191325, 1.3214612749090984, 1.318966031016122, 1.3197853898535437, 1.3209782387881321, 1.322537995210005]
1.3225820507012778
==================================================================================================================================
density = 0.1
mae
[0.4580040762134812, 0.4598068160142056, 0.46034361612619684, 0.4624648793576858, 0.46129821766023943, 0.46020845719863296, 0.45808134434157044, 0.4586137196795012, 0.45845825932590833, 0.45861409857579827, 0.4587903550771581, 0.46132749812374774, 0.46161101146166955, 0.4606434760697181, 0.4599933795417796, 0.45987671983576195, 0.4553753134421934, 0.45551849618230683, 0.45812624763083876, 0.4613773829576732]
0.45942666824080336
nmae
[0.5040540846765178, 0.5058363848141552, 0.5067429737808559, 0.5094043106544801, 0.5082487494135807, 0.50646281800886, 0.5042682219857876, 0.5049471277557366, 0.5042433114280721, 0.5045903528546662, 0.504865092919345, 0.5075168791289609, 0.5083294605950335, 0.5068755832272095, 0.5063262319035178, 0.5059459313180333, 0.5012675843634251, 0.5015249031789984, 0.5039473508144627, 0.5080421075011794]
0.5056719730161439
rmse
[1.216297039820863, 1.2166819646790596, 1.2217182644122417, 1.2193997523765407, 1.2235543804810967, 1.2170664616520557, 1.2186994307533439, 1.211733908544853, 1.2190253627928735, 1.221806089501657, 1.2211093654647953, 1.2201705677733277, 1.2259419794652406, 1.21860896832294, 1.2163249021068918, 1.2198669006259624, 1.2125164296099653, 1.214563861246181, 1.222052569352045, 1.2189456229353701]
1.2188041910958651
==================================================================================================================================
density = 0.15000000000000002
mae
[0.43610964842874167, 0.43267792828065277, 0.4342635712238912, 0.4347397927579368, 0.43355408231833376, 0.42978969647415427, 0.4332893661932499, 0.434361578233861, 0.43244987232002313, 0.43043988922517196, 0.43350996065811026, 0.43610516624615153, 0.43305296283304195, 0.43351543248273866, 0.4345211364196185, 0.4342473145635122, 0.4276532539239546, 0.4322156614289354, 0.43263873882395293, 0.43236118617098424]
0.4330748119503508
nmae
[0.480093288967276, 0.47591803657772636, 0.47846261664406875, 0.4791081829266425, 0.47773112111411814, 0.473257122312659, 0.47663053832883195, 0.47852538125994876, 0.47567018531273425, 0.4737989793341002, 0.4770084427877619, 0.4799478083703222, 0.4772932571288343, 0.4770859777050694, 0.4782908520229121, 0.4779816371242915, 0.47092305801942463, 0.47607199297516983, 0.476252036722546, 0.4765265433124214]
0.4768288529473429
rmse
[1.1659708376154123, 1.1614884874721974, 1.1581044514991492, 1.1628459020602602, 1.162885150001791, 1.1575717291097003, 1.160938893952988, 1.1609566439151746, 1.168172413294569, 1.163099743971372, 1.169935218115254, 1.1636379869704208, 1.170405204205169, 1.1642985493181146, 1.167470263992802, 1.164257882034512, 1.157428931230841, 1.1612372540629923, 1.163972058271931, 1.1640317347781577]
1.1634354667936402
==================================================================================================================================
density = 0.2
mae
[0.4164584124357269, 0.41717351181149365, 0.41701476319312863, 0.41777440171085756, 0.4173404947315404, 0.4155627472572467, 0.41572551257453266, 0.41477238423355073, 0.41869547169017657, 0.4159208409011826, 0.41679343121482965, 0.41847364531826037, 0.4160373007782472, 0.41679098825546, 0.4167033903536207, 0.4171268486169463, 0.41151207338911977, 0.41673841938365797, 0.41590942708858686, 0.41755045807711894]
0.4165037261507642
nmae
[0.4586020219524125, 0.4592771325380748, 0.45966729477971696, 0.4603492913980344, 0.45969165797580425, 0.45735851868174204, 0.4570306696948208, 0.4570203632070283, 0.4602174711346269, 0.4576418076668475, 0.4586344731912819, 0.46069006317924627, 0.4586551185845691, 0.45857078203137325, 0.4587466931681372, 0.4591236434807464, 0.4529826295566811, 0.45906315151751564, 0.45768022621814614, 0.4602841644142393]
0.4585643587185523
rmse
[1.1299166820575395, 1.1296496722815883, 1.126153520979581, 1.1306070156214405, 1.1333184879890463, 1.1313810941873, 1.1311431964581276, 1.128484233944069, 1.1384944628307483, 1.1330313412891442, 1.1375262768448346, 1.1317700538844504, 1.1360785378895146, 1.1321513435841233, 1.134371921333833, 1.1323379997436684, 1.1290369295595184, 1.1295956407972694, 1.1365635942209062, 1.1337531001518042]
1.1322682552824253
++++++++++++++++++++++++w:  0.15000000000000002
==================================================================================================================================
density = 0.05
mae
[0.5009682675752756, 0.5078060775508176, 0.5028883739878315, 0.5050449041933157, 0.5059072506401833, 0.5061937716215239, 0.5074435929653628, 0.5013871224872755, 0.5068729915075185, 0.5061402959446283, 0.5038529639227729, 0.5087478525173039, 0.5029576347667216, 0.5054645280177947, 0.503864673639524, 0.5019169825326157, 0.5041269337760678, 0.5007180439764933, 0.5018186425071423, 0.5080637906266072]
0.5046092347378388
nmae
[0.551232441739281, 0.5587874632993629, 0.5539385672676617, 0.5562387931697069, 0.5572677474009541, 0.5570705744476122, 0.5586040534271991, 0.5517997952420148, 0.5576812544007894, 0.5571163456945677, 0.5546324675038764, 0.5599631728408951, 0.5537793128735821, 0.5565195200962687, 0.5542765039453983, 0.5524363625750274, 0.554911783190028, 0.551086305645065, 0.552250144835586, 0.5593105717859972]
0.5554451590690437
rmse
[1.3177911930763238, 1.3242242169791345, 1.3148155710049103, 1.3208678212881202, 1.3252710866306814, 1.322340333628394, 1.3241261351668223, 1.3123942544114098, 1.3260203800773982, 1.3237294700649103, 1.3211748567479005, 1.321149577718294, 1.321309219604247, 1.317896490333784, 1.32174895960896, 1.3187499419746034, 1.3168246027367247, 1.3173183770268027, 1.31692444747175, 1.3205496665097924]
1.320261330103048
==================================================================================================================================
density = 0.1
mae
[0.45666512494476164, 0.457380262873032, 0.4574885103291253, 0.46120213258152215, 0.4600925777899581, 0.45844051910792527, 0.4568339423350415, 0.4564061696511544, 0.456122237936668, 0.45667283023877375, 0.45690336373488827, 0.45916034663713373, 0.45982528447383597, 0.4591226968451902, 0.45693383733544857, 0.45841758392321075, 0.45324524511435993, 0.4544275758731305, 0.45576278920603946, 0.45982616084396016]
0.45754645958875795
nmae
[0.5025805085857532, 0.5031669183648959, 0.503600093655262, 0.508013397139196, 0.5069204005649299, 0.5045171890368602, 0.5028950484223935, 0.5025165505654821, 0.5016739975659785, 0.5024544715588083, 0.5027885975248574, 0.5051327464606087, 0.5063630048260925, 0.5052021722348963, 0.5029585171807004, 0.5043406230987806, 0.4989228498692535, 0.5003238022203742, 0.5013475028072875, 0.5063339913668314]
0.5036026191524622
rmse
[1.2144335515769291, 1.2145926287670001, 1.2195264459137827, 1.2174874629817194, 1.2225123685941832, 1.2164532262437158, 1.2174268891526203, 1.210191238829679, 1.2168471214427854, 1.2194413321355404, 1.2189865533515207, 1.2183412808262335, 1.2238660262624863, 1.2172578948355024, 1.213816318061504, 1.2184481302085366, 1.2107664425944857, 1.212786419335547, 1.219172676393801, 1.2181073076626012]
1.2170230657585088
==================================================================================================================================
density = 0.15000000000000002
mae
[0.43352492980579554, 0.4343074351677852, 0.4315807244057109, 0.4328202394799356, 0.43237839954482665, 0.42831482300272933, 0.4326270598022119, 0.4328500811770489, 0.43099082382171866, 0.42988314361491115, 0.43049087208410364, 0.43397438568461466, 0.43190295787409116, 0.4326625571979206, 0.4319518133156397, 0.43294535234997616, 0.42579019868448853, 0.4301985555286456, 0.42852949685970587, 0.43429347944725577]
0.4316008664424558
nmae
[0.4772478897214303, 0.47771038989095316, 0.4755067115354177, 0.47699272513240715, 0.4764356420208093, 0.4716330852997014, 0.4759019825960372, 0.4768602024282361, 0.47406531521335044, 0.4731861516002088, 0.47368641822080854, 0.4776028156030261, 0.4760257687159134, 0.4761473840388933, 0.4754627186284127, 0.4765485504719873, 0.46887149951360657, 0.4738502141002022, 0.47172855170088973, 0.47865621883617054]
0.47520601176342325
rmse
[1.1630392685849151, 1.160791203855524, 1.1580582114155535, 1.1605166880901072, 1.1613205149936319, 1.1565157157341925, 1.1603857562930895, 1.1579776354827407, 1.1664574299962722, 1.1614927085481321, 1.1657284162601704, 1.1610930041600886, 1.168752052096454, 1.162628757042406, 1.163565322008048, 1.1621825948832025, 1.155937338872057, 1.158995027984599, 1.160541450899032, 1.163402925677646]
1.1614691011438931
==================================================================================================================================
density = 0.2
mae
[0.4148446438366575, 0.41714284655212097, 0.4145379245362206, 0.41718545523360473, 0.4168518222290188, 0.41057053917040365, 0.4146992046073359, 0.4129116569308915, 0.4164869100601013, 0.41409658345042083, 0.41483310901137327, 0.41523938870376387, 0.4151765517917036, 0.41581593826426166, 0.4156259527833533, 0.4148093048499409, 0.41041013631965906, 0.41633561729410246, 0.41277830080175915, 0.4161888177551629]
0.4148270352090927
nmae
[0.4568249476506399, 0.4592433723591697, 0.4569371235111773, 0.45970032608957023, 0.4591533956319216, 0.45186421268194044, 0.45590239105092356, 0.4549701055234991, 0.45778988660849107, 0.45563455918271906, 0.45647735824240454, 0.45712952860140654, 0.45770619663032075, 0.4574979914730768, 0.457560547497386, 0.45657276683072584, 0.4517696436357108, 0.4586194400955098, 0.4542346332742583, 0.45878316862869883]
0.4567185797599774
rmse
[1.1272286023941152, 1.1298081321123017, 1.123575806991208, 1.1291916351545346, 1.1305576470410228, 1.1256772542027125, 1.1287764433951917, 1.125261733335444, 1.1356602434257757, 1.1306236345730338, 1.1347937625196223, 1.1279668761315227, 1.134205545015996, 1.129655469478848, 1.1320090738639077, 1.1297600225746591, 1.1262563641689685, 1.1274928877675061, 1.1334277666269603, 1.1318474365565192]
1.1296888168664925
++++++++++++++++++++++++w:  0.2
==================================================================================================================================
density = 0.05
mae
[0.4990147526028358, 0.5069960424560894, 0.5017944943019442, 0.5029568447217073, 0.5045299526856714, 0.5051100768412947, 0.505743657627617, 0.5002789652359184, 0.5050488323518956, 0.5048171695790421, 0.5025577297002229, 0.5068960882378148, 0.5020191069482234, 0.504346766950379, 0.5021858409420694, 0.5004817141375929, 0.5030442329984669, 0.49942342717706234, 0.4998448197681567, 0.5065047179247018]
0.5031797616594353
nmae
[0.549082922701989, 0.5578961044208915, 0.5527336435165745, 0.5539390774990594, 0.5557506240000945, 0.5558779590746211, 0.5567327306173478, 0.5505802167626926, 0.5556742439994088, 0.5556599603176402, 0.5532066964867619, 0.5579249926379412, 0.5527459509072572, 0.555288858361686, 0.5524297034711104, 0.5508566303104117, 0.5537200130644774, 0.5496614606693206, 0.5500779579115639, 0.5575942403716226]
0.5538716993551236
rmse
[1.3177403584681078, 1.3246600351871474, 1.3153411983502117, 1.3203474542568987, 1.3256005347586892, 1.3228815070518258, 1.324469751484938, 1.3127980178281362, 1.3259031078389516, 1.3236541992972652, 1.3211373368768755, 1.3211699491899649, 1.3216237595076392, 1.3185048698029802, 1.321042956260986, 1.3187517432636195, 1.3176155157488039, 1.3174798690630944, 1.315881152346638, 1.320808578491967]
1.320370594753737
==================================================================================================================================
density = 0.1
mae
[0.4562393177467376, 0.45635846906470967, 0.45611881072683275, 0.4609521508206301, 0.4588591458454118, 0.4576788552616277, 0.4577887554448023, 0.45606648949204054, 0.4550418367595108, 0.45588994018131973, 0.45601009552208344, 0.45823248620452023, 0.4588873335679087, 0.458160588980528, 0.4565342429476293, 0.4582073735765898, 0.45282818562559574, 0.453762036749391, 0.45429451265400933, 0.4593732666008892]
0.45686419468863837
nmae
[0.5021118886135837, 0.5020428365374284, 0.5020923380889029, 0.5077380426371195, 0.5055614309888451, 0.5036789723288937, 0.5039461322858498, 0.5021425527687741, 0.500485699490508, 0.5015930964472191, 0.5018056214568802, 0.5041119860833443, 0.5053301263499814, 0.5041435031982935, 0.5025186736314826, 0.504109354445669, 0.4984637595402491, 0.4995910450493861, 0.4997323714270509, 0.5058352904026664]
0.5028517360886064
rmse
[1.2147411491221896, 1.2144801606866091, 1.21956665644135, 1.2175999519931935, 1.2230895553794487, 1.2168446459732611, 1.2194646182375126, 1.210643102038592, 1.2166710363919488, 1.2196724332631859, 1.2186725124594522, 1.2184586987130361, 1.223476963276528, 1.2171863517867756, 1.2137540189194498, 1.2189140581449307, 1.2114314910384867, 1.2126233444495411, 1.2184459081853771, 1.2188592332300423]
1.2172297944865451
==================================================================================================================================
density = 0.15000000000000002
mae
[0.4316978255919659, 0.4337651534870549, 0.4303667400682459, 0.432129996013001, 0.43157305962721243, 0.4282348178867881, 0.43284156527148454, 0.43218806271714255, 0.4298469366844173, 0.42921497928668145, 0.4294675434531309, 0.4325915860309578, 0.4314457354127598, 0.43349880210695513, 0.4317015853524947, 0.431679685052694, 0.42649882783526016, 0.4295227205480265, 0.4267158970084607, 0.4333352858972696]
0.4309158402666002
nmae
[0.4752365137418714, 0.4771139147395842, 0.47416916871313713, 0.47623203724800145, 0.4755482419076273, 0.4715449887463143, 0.4761379446695867, 0.4761308731049201, 0.472807104628947, 0.4724506817130835, 0.4725604085762333, 0.47608099996185743, 0.4755218368264428, 0.47706767589042615, 0.47518728497130974, 0.4751554141035616, 0.46965182750976026, 0.473105803069186, 0.46973212709660417, 0.4776001465641822]
0.47445174968913184
rmse
[1.161200009953642, 1.1606680402657719, 1.157637374402699, 1.1599751490624237, 1.161686479629379, 1.1568783614003972, 1.1605403387416628, 1.156902126715607, 1.165512465057016, 1.1607541584033698, 1.1654358838748433, 1.1596455859736947, 1.1684823694100532, 1.1635766790617776, 1.162345043780788, 1.1613956506877219, 1.1545557843196323, 1.1599654759514342, 1.1584146868783862, 1.163050985176362]
1.1609311324373333
==================================================================================================================================
density = 0.2
mae
[0.4152918912043077, 0.4165191312592626, 0.4129585120307903, 0.41546177859282196, 0.41497486102850245, 0.40951135313460907, 0.41318573149087323, 0.4117930541672925, 0.4142674416978427, 0.41323044560484956, 0.41384783766446936, 0.41347213235478997, 0.41487895855322954, 0.41335857298532536, 0.41465609566402334, 0.41218499521274726, 0.41061095011554116, 0.4156500484558585, 0.4125168428711902, 0.41562704646605975]
0.4136998840277193
nmae
[0.4573174543235575, 0.45855670802619164, 0.4551961677038738, 0.4578009916235661, 0.4570859628830899, 0.45069849761355024, 0.45423854408685727, 0.4537375638675519, 0.45535031373033535, 0.4546815391597814, 0.45539317751570585, 0.4551839880681586, 0.45737811868676387, 0.4547942959771274, 0.4564928366108472, 0.4536842387816565, 0.45199069465023095, 0.4578642436057503, 0.4539469164854204, 0.45816390352338066]
0.4554778078461699
rmse
[1.127108237572488, 1.128581878720031, 1.1217293437936176, 1.1266549305082516, 1.1307590435362271, 1.1245874989340836, 1.126807164462559, 1.123780286380175, 1.1331616537193243, 1.129294317874231, 1.1334120689918845, 1.1261253522467054, 1.1333603056002266, 1.127166525619323, 1.1305006373815998, 1.1273118393412715, 1.1250700227641257, 1.1274420200927688, 1.132014892333845, 1.1310177924781568]
1.1282942906175448
++++++++++++++++++++++++w:  0.25
==================================================================================================================================
density = 0.05
mae
[0.498279932938331, 0.5068256559837387, 0.5014040304661883, 0.5017885808233582, 0.5038026079247776, 0.5048423846443144, 0.5051345258337543, 0.4999425554365168, 0.5039007123060746, 0.5039117870162472, 0.5019682991115012, 0.5059407509805259, 0.5015281189189067, 0.5039063337228616, 0.5012950063405838, 0.4999553919085152, 0.5020244416899318, 0.49878414544203237, 0.4985102736694261, 0.505628384518249]
0.5024686959837916
nmae
[0.5482743756060552, 0.5577086119333566, 0.5523035421482861, 0.5526523925022878, 0.5549494380594419, 0.5555833615226416, 0.5560621861591261, 0.5502099821673038, 0.5544110379535474, 0.5546633919177689, 0.5525578616772973, 0.5568734821911104, 0.5522053506763247, 0.554803938699027, 0.5514497405677014, 0.5502773322434148, 0.5525974897958589, 0.548957872264904, 0.5486092933106802, 0.5566295139973345]
0.5530890097696733
rmse
[1.3185233841899306, 1.3257980631771826, 1.3164660233316505, 1.32092399952898, 1.3263873974559581, 1.324267199633311, 1.3255055472975976, 1.3138357616306728, 1.3265712736251216, 1.3241486332386527, 1.321925830963032, 1.3219662230320532, 1.322491500647436, 1.3196401974484944, 1.3212290114867016, 1.3196133116912543, 1.3179046321411898, 1.3183677209012474, 1.3157334410688433, 1.321658100682035]
1.321147862658567
==================================================================================================================================
density = 0.1
mae
[0.4559735828173246, 0.4572884311160916, 0.45549692214507703, 0.4614373418548369, 0.45814129429389655, 0.45772576834647666, 0.4586494309882208, 0.4566058216593148, 0.45452846176487544, 0.4558016129542367, 0.4559806242695143, 0.45806550626905945, 0.45875522728916995, 0.45775243465610765, 0.45669706848685043, 0.45780536600456234, 0.45289838904290103, 0.4528440828768512, 0.45367112091256245, 0.45958803148862504]
0.45678532596182775
nmae
[0.5018194353722955, 0.5030658936686015, 0.5014077675675799, 0.5082724797702898, 0.504770517130186, 0.503730600526469, 0.5048935869930703, 0.5027363732697433, 0.4999210550500743, 0.501495914378855, 0.5017731905077504, 0.5039282876563767, 0.5051846499385765, 0.5036943847976543, 0.5026978997799407, 0.5036670748375623, 0.49854103798808735, 0.49858037977254943, 0.4990466289745143, 0.5060717770840966]
0.5027649467532138
rmse
[1.2153380024016853, 1.2154035074587444, 1.2199569323952228, 1.2185828561573109, 1.2239871749660416, 1.2177081483748493, 1.2207069531552366, 1.2118219354325812, 1.2167570167972797, 1.2210332626696883, 1.2193768438065544, 1.2190585097248925, 1.223898007374009, 1.2178921720727607, 1.2142882152549304, 1.219193794094594, 1.2126717973966739, 1.2128568051261293, 1.2188098667532699, 1.2203487166588127]
1.217984525903563
==================================================================================================================================
density = 0.15000000000000002
mae
[0.42920909691669706, 0.4329081159755875, 0.4297398440460816, 0.43192015888172836, 0.4311569278668308, 0.428407709590058, 0.43295943450834534, 0.4318670564131377, 0.4300645504437243, 0.4290557589163312, 0.42901884224921805, 0.4321152107704826, 0.4310980255525322, 0.4332360496666046, 0.4312404222841762, 0.43199549811883403, 0.4269189109384767, 0.42938669670560725, 0.42592471078981287, 0.43264993294765564]
0.4305436476790961
nmae
[0.4724967854662834, 0.4761712283137897, 0.4734784676481523, 0.4760007846956717, 0.47508970835777514, 0.4717353661114128, 0.4762676041586043, 0.4757772284187686, 0.47304646734782313, 0.47227542274928963, 0.47206668459759504, 0.47555673361529033, 0.47513860524516427, 0.4767785154695823, 0.47467966852096855, 0.47550303363122776, 0.47011441447191676, 0.4729559770736666, 0.4688611832484363, 0.4768447853465836]
0.47404193322440014
rmse
[1.1595644472041162, 1.1605187327991204, 1.1574871450949418, 1.1600355600832104, 1.1628056232215, 1.157455204304124, 1.1606766913613373, 1.1565862802857976, 1.165595165000311, 1.1608660301367228, 1.1654121269863258, 1.1594858028324768, 1.1683209195689406, 1.1633233270253736, 1.1616981687422863, 1.1620119733767957, 1.1549230148227354, 1.1604647024461738, 1.1582133565705683, 1.1633277570799578]
1.1609386014471406
==================================================================================================================================
density = 0.2
mae
[0.4140763176170561, 0.4135848794466865, 0.41175817131978815, 0.41443942278770796, 0.41387456202669015, 0.40901187470044476, 0.4127477865909938, 0.4111011870756767, 0.41348099191941967, 0.4123750520522757, 0.4123644405179543, 0.4127361864111637, 0.4145629713337876, 0.4121810039045157, 0.41618241663606415, 0.4139228406925272, 0.4105185681044909, 0.41399765531187754, 0.411975347894967, 0.4150525681647524]
0.41299721222544206
nmae
[0.45597887047388785, 0.4553263141481797, 0.45387305539193673, 0.4566744487609265, 0.45587400698904806, 0.4501487834770676, 0.45375708638260964, 0.45297522442182064, 0.4544858717846435, 0.4537403411885081, 0.4537608651569376, 0.45437379849694237, 0.4570297625289549, 0.45349868549249794, 0.45817315578953854, 0.4555970524764082, 0.45188900274616445, 0.4560440303282135, 0.45335103784677383, 0.45753063092176727]
0.4547041012401413
rmse
[1.1260337248054035, 1.1263983182716069, 1.1210400159951843, 1.1254733159871477, 1.1295761115606966, 1.1241796092132819, 1.1261295578755932, 1.1231099733139047, 1.1324949493417678, 1.128628236809585, 1.1321726812201598, 1.1251155081274682, 1.1328834017179097, 1.1261733279823267, 1.131233198433624, 1.126892062898865, 1.1250304604277654, 1.1270591989285481, 1.1314063827178098, 1.1308239070102153]
1.1275926971319432
++++++++++++++++++++++++w:  0.3
==================================================================================================================================
density = 0.05
mae
[0.49811377472458124, 0.506878445423548, 0.501279016811174, 0.5011253348117376, 0.503537456575941, 0.5049050504605175, 0.5050300621879095, 0.4999685907012698, 0.5030823664862365, 0.5033276759364461, 0.5016575029856385, 0.5055289070351607, 0.5012546277204828, 0.503773171962401, 0.5008716294240005, 0.49984457532802273, 0.501175117058078, 0.49860709172362255, 0.49761359129956945, 0.505181265294731]
0.5021377626975534
nmae
[0.5480915460661251, 0.5577667011892046, 0.5521658378613519, 0.5519219165425953, 0.5546573681302215, 0.5556523257892675, 0.5559471904890385, 0.5502386351843349, 0.5535106622559124, 0.5540204519407195, 0.5522157427765056, 0.5564201781796618, 0.5519042243836292, 0.5546573267907348, 0.550984004648015, 0.5501553616571012, 0.5516626057133145, 0.5487630083474699, 0.547622496634194, 0.5561372952776065]
0.5527247439928502
rmse
[1.3195007830710876, 1.3273193550045923, 1.3176761285298317, 1.3217915057085814, 1.327443672359002, 1.3258353152009905, 1.3266926859682822, 1.3150009808169987, 1.3274489774249683, 1.3248392742150705, 1.32301034005156, 1.3229607041211358, 1.3234916399381471, 1.3208845641514515, 1.3217248196813127, 1.3206684759509058, 1.3184397734473339, 1.319492568435973, 1.3159710458863956, 1.3226812008556779]
1.322143690540965
==================================================================================================================================
density = 0.1
mae
[0.4559546859166184, 0.45707044292316873, 0.45529082843392554, 0.46223605989429806, 0.4584073580631358, 0.457966470142837, 0.4587904447265171, 0.45705789439748723, 0.4545316269992496, 0.45618412384180457, 0.4561821844705636, 0.4580694267798967, 0.45890483469904936, 0.4577577297009265, 0.45710057412937477, 0.4578292300679064, 0.45357020356770217, 0.45247033848541485, 0.45351572385194183, 0.4600584030151764]
0.45694742920534975
nmae
[0.5017986384831773, 0.5028260834796268, 0.5011809010782706, 0.5091522663886036, 0.5050636606386651, 0.503995494637339, 0.5050488186958336, 0.5032341185854228, 0.49992453638829826, 0.5019167721421205, 0.5019949927067405, 0.5039326006995679, 0.5053493987250584, 0.5037002112753322, 0.5031420485451571, 0.5036933295385133, 0.49928055731214066, 0.4981688879861571, 0.4988756893319396, 0.5065897230226811]
0.5029434364830323
rmse
[1.216080744039919, 1.2171796105394346, 1.220620045022593, 1.2198345692061754, 1.225285550324983, 1.2188825732354722, 1.2212535416153736, 1.21299117942488, 1.2168539081358265, 1.2221803758526897, 1.2203839763764457, 1.2200658252925758, 1.2247264011006818, 1.2187965763949886, 1.2149492600244198, 1.2202810975401388, 1.2136636816953186, 1.2135090371953796, 1.219375612153998, 1.2219848220936014]
1.218944919363245
==================================================================================================================================
density = 0.15000000000000002
mae
[0.42857166211092196, 0.43160364030329873, 0.42952151955489715, 0.4319087215187141, 0.43134330409078586, 0.4288170840705567, 0.43284461235806065, 0.4316591290712877, 0.42932955777622994, 0.42906958434733516, 0.4289265521266479, 0.4321648642444963, 0.43051159971722364, 0.4331308071228813, 0.43067442165104974, 0.4323482432222061, 0.42790830268758834, 0.4292314036523217, 0.4260046067713925, 0.43273629281255266]
0.43041529546052243
nmae
[0.47179506246265485, 0.4747363885400438, 0.4732379222415109, 0.4759881800657241, 0.47529507540666316, 0.47218614329425, 0.4761412965508661, 0.47554816002156436, 0.47223801734996573, 0.4722906408442258, 0.4719651340643961, 0.4756113788657375, 0.4744922706832949, 0.4766626955053867, 0.4740566541210381, 0.47589130473007574, 0.4712039125262299, 0.4727849266468301, 0.46894913335678, 0.4769399668041625]
0.47390071320407
rmse
[1.1596715203903603, 1.1615648788323536, 1.1578050391207857, 1.160359747212092, 1.1644460700186094, 1.1585835676011453, 1.160853419877241, 1.1566473813389735, 1.1653159376113056, 1.161333953058673, 1.1659713811668972, 1.1602429767886717, 1.1681897452962666, 1.1633602839100374, 1.1614996051314712, 1.1627887431037403, 1.156103153597152, 1.16099467871686, 1.1584943552727052, 1.1643128142299177]
1.161426962613763
==================================================================================================================================
density = 0.2
mae
[0.41346343216202275, 0.41348166063850883, 0.4111621993474797, 0.4142054711340146, 0.4153465170075137, 0.40878860565831593, 0.41258548188914296, 0.41110876509836153, 0.4130325530614643, 0.41158269638961803, 0.41141495888394125, 0.4123501396767968, 0.4147858448167656, 0.41181633444027055, 0.41777346109861097, 0.41289519906342975, 0.41029287800466596, 0.41275152946676474, 0.41184174837930393, 0.4140464465085478]
0.41273629613627694
nmae
[0.4553039639273743, 0.45521267788676417, 0.45321612703242764, 0.4564166553739739, 0.4574953340209139, 0.4499030588565392, 0.4535786556047578, 0.4529835743284476, 0.4539929612777932, 0.45286850442988824, 0.452716066999368, 0.4539488066332125, 0.45727546661263535, 0.453097460979219, 0.45992472873752305, 0.4544659467456021, 0.45164056849236084, 0.4546713456151243, 0.45320402060559384, 0.4564215389381113]
0.45441687315488144
rmse
[1.1260851821579378, 1.126610315291908, 1.1211891532612805, 1.1253073847292077, 1.1309073236755978, 1.124189892687946, 1.1259711858581898, 1.1231146478783078, 1.1322892905488042, 1.1283819810536102, 1.1317946110731838, 1.1247696483864298, 1.132900633178615, 1.126146423317559, 1.1319497266149177, 1.1273924754305196, 1.1252434036725714, 1.1269441690141235, 1.1312552989459708, 1.1304465452520687]
1.1276444646014374
++++++++++++++++++++++++w:  0.35000000000000003
==================================================================================================================================
density = 0.05
mae
[0.49819333142925487, 0.5069298202307801, 0.5012407049420364, 0.5007818793243977, 0.5033741248154995, 0.505002498708011, 0.5051303325007004, 0.5000944783511134, 0.5025321060577753, 0.5030238289737097, 0.5014533214234768, 0.5054556894090526, 0.5011380485174705, 0.5038301842285593, 0.5007288746570063, 0.49993269827830944, 0.5002597865758179, 0.4985390304461575, 0.4970432854598041, 0.5049791401872074]
0.501983158225807
nmae
[0.5481790850170176, 0.5578232337898958, 0.5521236368024347, 0.5515436466814417, 0.5544774546735453, 0.5557595684189748, 0.5560575700542549, 0.5503771803848231, 0.5529052444665788, 0.5536860029531829, 0.5519909833094602, 0.5563395897820489, 0.5517758653599721, 0.5547200976425816, 0.5508269672185013, 0.5502523544344129, 0.550655066468556, 0.5486881006456068, 0.5469948765022725, 0.555914782452353]
0.5525545653528958
rmse
[1.3204876369870164, 1.3288624470109456, 1.318760296831985, 1.3227022651480427, 1.3284760065976804, 1.3272955522669412, 1.32785680963256, 1.3160184340879961, 1.3283802001415652, 1.3256257875951498, 1.3241045844209807, 1.3240025261291626, 1.3245028377805748, 1.3221231242195564, 1.3223282111913768, 1.3217261516978893, 1.3198853515206368, 1.3205367274598347, 1.3163946309672727, 1.323730201100138]
1.323189989139365
==================================================================================================================================
density = 0.1
mae
[0.4561371056009732, 0.45724822854806974, 0.45533307094769837, 0.4628646579875826, 0.45913646631642985, 0.4579723593244713, 0.45897506564256235, 0.4573429148234356, 0.45485137731336, 0.4568499801357519, 0.4563839577579548, 0.4580837094881603, 0.4591291069170197, 0.4579696549639381, 0.457606132370072, 0.4582148751235081, 0.45426423741101746, 0.4524662905172007, 0.4534711200418807, 0.4602593891367072]
0.45722798501838974
nmae
[0.501999399550163, 0.5030216665693935, 0.5012274013365546, 0.509844666163551, 0.5058669768964287, 0.5040019757253755, 0.5052520543486834, 0.5035479344161723, 0.5002762193472972, 0.5026493808066966, 0.5022170293916013, 0.5039483134319607, 0.5055963689505439, 0.5039334062446956, 0.5036985291607585, 0.5041176074773581, 0.5000445351955164, 0.49816443118169434, 0.49882662431540153, 0.506811037323149]
0.5032522778916498
rmse
[1.2169733356253296, 1.2183542701930221, 1.2214575690601752, 1.221006895533888, 1.2269574154595475, 1.2200970126955315, 1.2218232368506645, 1.2139439142643182, 1.2174079759234258, 1.2232984499328803, 1.2214409123394654, 1.2212031972422233, 1.2256526132830454, 1.219755149425077, 1.2158336223398174, 1.221542052160891, 1.2149113628113832, 1.2142358817378063, 1.2199810616773417, 1.2227741460592054]
1.2199325037307518
==================================================================================================================================
density = 0.15000000000000002
mae
[0.42844738820493, 0.4312669684465705, 0.4297115637763361, 0.43198495972989237, 0.4311828935546275, 0.42900797825066944, 0.4325652697101283, 0.43144404813482323, 0.42877704949927137, 0.4291088901734108, 0.4290865908122418, 0.4323481358473281, 0.43024185984380087, 0.4332048149143809, 0.43042138716371764, 0.432333269089034, 0.428402042135083, 0.42899424517131535, 0.4262755582703505, 0.4331981229303329]
0.4304001517829123
nmae
[0.47165825496831154, 0.47436607103930645, 0.47344730903214477, 0.4760721989465251, 0.4751183198220596, 0.472396343843699, 0.47583401174987516, 0.47531121068653825, 0.4716302897697082, 0.4723339060265258, 0.47214123106591616, 0.47581307517874566, 0.4741949744313048, 0.4767441414630615, 0.47377813123597323, 0.47587482250796853, 0.47174760835537555, 0.4725237040193797, 0.4692473988417029, 0.4774489725074088]
0.4738840987745765
rmse
[1.160150456755853, 1.1620549754892364, 1.1585268453961868, 1.1608173953243408, 1.1640343643966047, 1.1602036537372085, 1.1610321223120097, 1.1567830283204557, 1.16514379026738, 1.161924875052464, 1.1666698311755854, 1.1610390695997637, 1.1684276612896582, 1.1637512931230394, 1.1616875496534127, 1.1632777051211436, 1.1574229175973658, 1.1614790173927942, 1.159053908958686, 1.1656441606335086]
1.1619562310798348
==================================================================================================================================
density = 0.2
mae
[0.4131143713683203, 0.41380231267733114, 0.4109520141500537, 0.4143478622917681, 0.41432083249670876, 0.40875180972837133, 0.4126239623315727, 0.4113293570380481, 0.4126566678857102, 0.41082272223548133, 0.4118998730680454, 0.4121210435379222, 0.4120892670742032, 0.4117519334438035, 0.41884603976371143, 0.41261633130405473, 0.40999492170582763, 0.4123880728125966, 0.41190984714504597, 0.41403725783619794]
0.4125188249947388
nmae
[0.4549195798424425, 0.4555656920277947, 0.4529844439611527, 0.4565735574443371, 0.456365564398066, 0.44986256212740733, 0.45362095934085744, 0.45322663537163255, 0.45357979959652583, 0.45203229736479955, 0.45324966072881173, 0.45369659883978747, 0.4543026582082594, 0.45302660432409525, 0.46110552526370435, 0.4541590022701791, 0.45131258533835716, 0.45427097562440155, 0.4532789586966301, 0.4564114098619893]
0.4541772535315616
rmse
[1.1262474527868938, 1.1267569466794436, 1.1215278585217063, 1.1255145913203253, 1.1313576625483295, 1.12455855187396, 1.126000044136421, 1.1233247230665244, 1.1322169594558287, 1.128207391040106, 1.1326767969473455, 1.1246464619159067, 1.1317655950486227, 1.126375318592691, 1.1324201350220684, 1.1276296450155463, 1.125495969774047, 1.127742034566345, 1.1313357383228844, 1.130470265673252]
1.1278135071154125
++++++++++++++++++++++++w:  0.4
==================================================================================================================================
density = 0.05
mae
[0.49839328958597956, 0.5068940658891646, 0.5012880787653488, 0.5006104084755594, 0.5030486193854707, 0.5049652609847436, 0.5053287670016203, 0.5001943671939548, 0.5022134768063055, 0.5029414326890209, 0.5013238844085641, 0.5055554357319677, 0.5011272430654184, 0.5040177351719416, 0.5007168885707285, 0.500118086571503, 0.5004534837822248, 0.4982921923273116, 0.49672516030942493, 0.5049301699908584]
0.5019569023353555
nmae
[0.5483991057850206, 0.5577838898774526, 0.5521758197304343, 0.5513547946858476, 0.554118903422245, 0.5557185879860761, 0.5562760107205484, 0.5504871126917268, 0.5525546762500321, 0.553595308105544, 0.5518485013234291, 0.5564493775033775, 0.5517639680640589, 0.5549265923721208, 0.5508137819202543, 0.5504564025896259, 0.5508682763865445, 0.5484164325708418, 0.5466447805801781, 0.5558608727878075]
0.5525256597676583
rmse
[1.3214216775493461, 1.3299261715844186, 1.3197107967390254, 1.323583105619304, 1.3293552745429722, 1.3284429199031291, 1.3289469122699198, 1.316853113312945, 1.3292901132274493, 1.3264441488418044, 1.325112039201541, 1.3250255438604492, 1.3254753952935427, 1.323301589725225, 1.322949246171716, 1.3227119949906783, 1.3216729441901334, 1.3213658830519248, 1.3169082946779236, 1.3247640873515467]
1.3241630626052496
==================================================================================================================================
density = 0.1
mae
[0.45644071571541955, 0.4578091787455418, 0.4554655284731385, 0.4633406654711838, 0.45934002235208843, 0.4577742871913339, 0.4591578925156454, 0.4577221074613524, 0.4552261217930576, 0.4576739882393994, 0.45660832266228796, 0.45840307690342674, 0.45935069084600777, 0.4583181276338507, 0.458168933042245, 0.45870873819712416, 0.45459510854009605, 0.4525696130173095, 0.4534583226416752, 0.46062439491069845]
0.4575377918176441
nmae
[0.5023335361360227, 0.5036387714274939, 0.501373209637115, 0.5103689876307012, 0.5060912506885188, 0.5037839958748347, 0.5054533150709538, 0.5039654366084662, 0.5006883885983429, 0.5035559960657255, 0.5024639264918137, 0.5042996567933486, 0.5058403788123156, 0.5043168530901991, 0.5043180179541363, 0.504660944423863, 0.5004087511877165, 0.4982781890363096, 0.4988125469383373, 0.5072129605849264]
0.5035932556525571
rmse
[1.2179700010965084, 1.2195420609644037, 1.2224706288934695, 1.2220951997913905, 1.2284079566121384, 1.2211856656625406, 1.222401134162549, 1.2149269905999498, 1.218067315463913, 1.2244142890657537, 1.2224466688287963, 1.2225290397076434, 1.2265403712987057, 1.2207263093295426, 1.2168769403598803, 1.2227800009052494, 1.2160164774989684, 1.2150184828822448, 1.2205113113731378, 1.2235807238831895]
1.2209253784189986
==================================================================================================================================
density = 0.15000000000000002
mae
[0.4285081098232768, 0.43131476942220887, 0.43008113323576025, 0.432129934465303, 0.43093177398707666, 0.42881519565026716, 0.43245283957158814, 0.4310492041048987, 0.42869692087693273, 0.4292156929688132, 0.42937387748821065, 0.43261902905119753, 0.4302531123351105, 0.4335496684131784, 0.4303671174170688, 0.4322681399780864, 0.42862916650394195, 0.42896399557182674, 0.42661568813479844, 0.433224085690703]
0.4304529727345125
nmae
[0.47172510063790074, 0.4744186490540037, 0.47385449301511035, 0.47623196941890866, 0.4748416123997739, 0.47218406388574097, 0.47571033542260316, 0.47487622080846, 0.4715421528570247, 0.4724514672858755, 0.4724573441483688, 0.4761112018912051, 0.47420737646682687, 0.47712365452375366, 0.4737183948475949, 0.4758031340529541, 0.4719977130870767, 0.4724903850344368, 0.46962181640110556, 0.4774775873434527]
0.47394223362910887
rmse
[1.1607463744951176, 1.1627150603469347, 1.1594105456166013, 1.1613336265612022, 1.1637896083164907, 1.161048864491069, 1.1612998045887029, 1.156829362110738, 1.165363614806849, 1.162495724623275, 1.1674293585293207, 1.1619292690726608, 1.1688482969949643, 1.1644542277735044, 1.1620578950446112, 1.16382622705532, 1.158715252290954, 1.1619771225909572, 1.1596997874433417, 1.1668137946729875]
1.1625391908712799
==================================================================================================================================
density = 0.2
mae
[0.41285450340257945, 0.4138710563407072, 0.41096344595817974, 0.41457720437259427, 0.4140049530794259, 0.4088801303601181, 0.412923379183612, 0.411783933521714, 0.4123252628662589, 0.4103139495330428, 0.41358463199568046, 0.41228846895056903, 0.41195380581391544, 0.41174113083269337, 0.419015483744278, 0.4126430233091916, 0.40954393191273153, 0.4123112771108201, 0.4121237653808751, 0.4141588088368776]
0.4125931073252932
nmae
[0.4546334144752156, 0.4556413737086819, 0.45299704502178545, 0.4568262715023639, 0.45601762995392686, 0.45000378877594444, 0.4539501252935505, 0.45372751420920093, 0.45321552916542346, 0.4514724897371485, 0.45510354916697177, 0.45388091444673906, 0.45415332063616026, 0.45301471884200867, 0.46129206530048256, 0.4541883816560683, 0.45081614658092917, 0.45418638040773623, 0.4535143612631259, 0.4565454008556508]
0.4542590210499558
rmse
[1.126384767173675, 1.1260099340061362, 1.121970479419893, 1.1259085760248504, 1.131528750978044, 1.125152292462333, 1.1262738041108726, 1.1237023055030193, 1.1321879029925686, 1.128008324700713, 1.134626299162019, 1.125177329177839, 1.131935200171143, 1.1266530017231666, 1.132534080703106, 1.1279289293157484, 1.1257205885327928, 1.1281091738083437, 1.1315724165279435, 1.1299932915421316]
1.1280688724018169
++++++++++++++++++++++++w:  0.45
==================================================================================================================================
density = 0.05
mae
[0.49865203188676005, 0.5067820266282829, 0.5011648490575435, 0.5005110051925724, 0.5026035204636353, 0.5047271699417953, 0.5055695941398065, 0.500276501600985, 0.5020595080850787, 0.5029901899816221, 0.5012616283898752, 0.505735684990958, 0.5011553850776773, 0.5042982975915525, 0.5007512463019361, 0.5003505731326641, 0.5001986184710895, 0.4980383759080345, 0.4965864193962279, 0.505004107841463]
0.501935836703978
nmae
[0.5486838087482059, 0.5576606023920408, 0.5520400804862654, 0.5512453153866671, 0.5536286173604661, 0.5554565667572468, 0.5565411180495816, 0.550577505418123, 0.552385273912502, 0.5536489760013776, 0.551779970994673, 0.5566477723397725, 0.5517949537040698, 0.5552354933027781, 0.5508515771540414, 0.5507122895882035, 0.550587736397903, 0.5481370842340001, 0.5464920965566733, 0.5559422685146065]
0.5525024553649598
rmse
[1.3222837928149607, 1.3307626835167183, 1.3205469317316008, 1.3243752746567259, 1.330102612959253, 1.3291233325669474, 1.3299447077333018, 1.317582000568061, 1.330147291270324, 1.3272537816168428, 1.3260128685041568, 1.325989428347086, 1.3263782501720414, 1.3244021757543534, 1.3235466903235422, 1.3236046493316511, 1.3224329755825637, 1.322105909521427, 1.3174670814220686, 1.3257852197671918]
1.324992382908041
==================================================================================================================================
density = 0.1
mae
[0.45681316343825, 0.4584822144369987, 0.4558130886969939, 0.46377661506432083, 0.459266331927909, 0.45767876103557226, 0.4593622032171238, 0.458201748867129, 0.45559603296649076, 0.45859489925900215, 0.4568934967483624, 0.4587551153449702, 0.45954717620990077, 0.45864381386189423, 0.4587019075960239, 0.45923226176590404, 0.45467786420130973, 0.4527406685133576, 0.45347253995024256, 0.4610564461454163]
0.4578653174623586
nmae
[0.5027434316058911, 0.5043791822460385, 0.501755801455997, 0.5108491853968115, 0.5060100601169989, 0.5036788686324213, 0.5056782257673613, 0.5044935358340386, 0.5010952418532072, 0.5045692287983696, 0.5027777396308016, 0.5046869422942395, 0.5060567499485376, 0.504675226551161, 0.5049046763920995, 0.5052369131740704, 0.5004998468821129, 0.49846652077654136, 0.4988281862408774, 0.5076887104329736]
0.5039537137015274
rmse
[1.218956355288581, 1.2206864705292557, 1.2235984497850168, 1.223089530490195, 1.2293012484631143, 1.222070819056694, 1.2230476647831676, 1.215908332864303, 1.2187940594828477, 1.2255455557687924, 1.2234039890363797, 1.2237359083111399, 1.2273594160432353, 1.2216521640603952, 1.2179348043041636, 1.2239344390424907, 1.2169681617325951, 1.215818015052496, 1.2209935035453152, 1.2245760715396612]
1.221868747958992
==================================================================================================================================
density = 0.15000000000000002
mae
[0.42863146269807145, 0.43148848463647826, 0.43050867972728235, 0.4323287638132004, 0.43112920781018177, 0.4288611881226712, 0.4325934414398077, 0.4307444615435278, 0.42876612892252497, 0.4295945514486878, 0.42973161125702336, 0.4334432716256485, 0.43043142257390926, 0.43393387425088087, 0.43042795140631857, 0.43224041842167776, 0.4289315766255357, 0.4290853103513414, 0.4269793015057304, 0.43250877941213545]
0.43061799437963166
nmae
[0.47186089421086364, 0.47460972467467916, 0.4743255548923342, 0.4764510907626883, 0.4750591637630398, 0.4722347078758518, 0.4758650014480547, 0.4745404934843281, 0.4716182777583812, 0.4728684889550331, 0.4728509730000217, 0.4770183074423234, 0.47440390271640825, 0.47754647503713316, 0.47378535670079724, 0.4757726205771733, 0.4723307209571917, 0.4726240094585725, 0.4700220847842758, 0.47668921308776574]
0.4741238530793459
rmse
[1.1613695729036497, 1.1634025515302797, 1.160358772006681, 1.1618754324560556, 1.1644368349232384, 1.1617086424492264, 1.1617031415832426, 1.1571127612059953, 1.1657327865096971, 1.1631633213105894, 1.1682368746457803, 1.163820969518003, 1.1693518827630336, 1.1651747456006845, 1.162526229907972, 1.1645322132394083, 1.1598361430446396, 1.162486143086557, 1.1603619714352038, 1.1675592821793561]
1.1632375136149649
==================================================================================================================================
density = 0.2
mae
[0.4125857894361821, 0.41400858895213394, 0.4110465741654335, 0.41482168099618044, 0.4139216902658065, 0.4090596514411362, 0.41343693434770473, 0.41268892140021984, 0.41211975097671144, 0.4106679322810555, 0.41228188656623244, 0.41282601349802345, 0.41222365565875757, 0.4117766082966591, 0.41871283563874334, 0.4131097475857592, 0.40940645470860054, 0.412309628437096, 0.41244107103489364, 0.4135380133805562]
0.4126491714533943
nmae
[0.45433750793416167, 0.45579278692552844, 0.4530886756342262, 0.4570956624463049, 0.45592591773974295, 0.45020136542647066, 0.4545147056560041, 0.4547246825469555, 0.45298963667675185, 0.45186198044968995, 0.45367002378247673, 0.4544726875113011, 0.45445081322241293, 0.4530537526235771, 0.4609588815039941, 0.45470209625168617, 0.4506648149689099, 0.45418456429162984, 0.45386353469862145, 0.4558610708247344]
0.454320758055759
rmse
[1.1263323759894732, 1.1274659270155258, 1.1223972286929464, 1.1263836291179137, 1.1318066471349122, 1.1257393922716294, 1.1268083195442782, 1.124250943347596, 1.1322049230242517, 1.1275482787698279, 1.1334348447645985, 1.1264650659028936, 1.1321727501932444, 1.1269654882208964, 1.1325293207586422, 1.128340291193359, 1.1260736456505303, 1.128520008409536, 1.131910234729997, 1.1294435007711052]
1.128339640775158
++++++++++++++++++++++++w:  0.5
==================================================================================================================================
density = 0.05
mae
[0.4989376508385343, 0.5066660784915601, 0.5008140649764096, 0.5004533059077191, 0.5021979906882491, 0.504413951391976, 0.5058278811612136, 0.5003415379566052, 0.5020058185408977, 0.503089848151798, 0.501266010473393, 0.5059470994380639, 0.5011633642053034, 0.5046480910044225, 0.5008001299377037, 0.5006044330125143, 0.500095338400015, 0.4978988550763814, 0.49656244613546585, 0.5051823309199556]
0.501945811335409
nmae
[0.5489980850055736, 0.5575330135977001, 0.551653686921859, 0.5511817674124035, 0.5531819175668823, 0.5551118670646437, 0.5568254455671733, 0.5506490809455049, 0.5523262026010518, 0.5537586712697288, 0.5517847947150206, 0.5568804697438009, 0.5518037390877853, 0.5556206179781468, 0.5509053516140322, 0.5509917011911355, 0.5504740520764194, 0.5479835287138801, 0.5464657140439355, 0.5561384683890636]
0.552513408775287
rmse
[1.3230781681548185, 1.3315148995664132, 1.3213035115491625, 1.3250752815667732, 1.330777561475579, 1.329405769969278, 1.3308485575558255, 1.3182449441599682, 1.3309453480639175, 1.3280296457711551, 1.3268213581078274, 1.3268792448398319, 1.3271888470551532, 1.3254232554325358, 1.324107332363142, 1.3244037400457611, 1.3231680503346064, 1.3228122720036004, 1.3180369983832831, 1.3267838975142112]
1.3257424341956423
==================================================================================================================================
density = 0.1
mae
[0.45727459431166323, 0.4591653717864372, 0.45622837853529863, 0.46419382353446736, 0.4593055642028266, 0.4577871727835432, 0.4595914849209648, 0.45884076581710803, 0.4559581636990027, 0.4595302752584194, 0.45722017406750015, 0.45906571761206066, 0.4597190534284441, 0.4589476221450608, 0.45918330003161784, 0.4597468045969306, 0.45468518346936304, 0.45295911933376704, 0.4535408595927537, 0.4614113816780428]
0.4582177405402635
nmae
[0.5032512570350066, 0.5051307279645093, 0.5022129495520526, 0.5113087398465016, 0.5060532854187672, 0.5037981765645634, 0.5059306252124773, 0.5051971121982708, 0.5014935376544437, 0.5055983766310758, 0.5031372240298436, 0.5050286429166504, 0.5062460224130615, 0.505009526305134, 0.5054345571008695, 0.5058030015203988, 0.5005079037787169, 0.4987070346688935, 0.49890333911201307, 0.508079544926998]
0.5043415792425123
rmse
[1.2198902702739014, 1.2217378211131094, 1.2246557980154271, 1.2240124301261321, 1.230127025672683, 1.2228059092636119, 1.2237230043790115, 1.2169589845285196, 1.219590840893032, 1.2266459424507403, 1.2243097432084185, 1.2248070473858705, 1.2281098248235314, 1.2225280545448969, 1.2189405269792966, 1.2250026877782034, 1.217797961167182, 1.2166021362338806, 1.2214846867996136, 1.2255229064394946]
1.2227626801038278
==================================================================================================================================
density = 0.15000000000000002
mae
[0.42877671071325707, 0.43172432053194526, 0.4309165360644926, 0.43256917468260386, 0.4313905868501817, 0.42905017591258854, 0.4328239999752315, 0.4308745269717901, 0.428881162054724, 0.43006736530277123, 0.43011827879726555, 0.43329855284271507, 0.4306824112745817, 0.4342974196222564, 0.43056435709455654, 0.432234315608658, 0.4293013174654315, 0.4292905880351854, 0.42734847649762675, 0.4325486035053653]
0.4308379439901614
nmae
[0.4720207911486582, 0.47486912906993267, 0.4747749225649817, 0.47671603732777035, 0.47534717604779836, 0.4724428092294725, 0.47611862234768776, 0.47468378334182654, 0.4717448076403688, 0.4733889303153424, 0.4732764388439149, 0.4768590397516955, 0.4746805321930034, 0.47794655860036306, 0.473935502660061, 0.47576590313192857, 0.4727378720437338, 0.47285011638801105, 0.470428475442393, 0.476733105180984]
0.4743660276634964
rmse
[1.1619682984723687, 1.1640833686277712, 1.1612884126415126, 1.1624202753337547, 1.1651717707555782, 1.1623034144577011, 1.1621540870842197, 1.1577797071581486, 1.166157036234687, 1.1639005498695143, 1.1690567346242553, 1.1641925844683785, 1.1698856302907361, 1.1658941600369717, 1.1630417284043495, 1.1650797348956023, 1.1607985575898858, 1.1630091882363953, 1.160999510563519, 1.168164685514456]
1.1638674717629904
==================================================================================================================================
density = 0.2
mae
[0.4124557936673952, 0.41380263737119244, 0.41109298936591543, 0.41506081838211323, 0.4139616867165313, 0.4092570918126188, 0.4139435090216639, 0.41282262005932163, 0.4120680672228112, 0.4103238422487369, 0.41164924049331986, 0.41347404914329383, 0.4125060405246155, 0.4118703747003636, 0.41836751963060503, 0.41405193993870604, 0.40976498577314197, 0.4123797635636963, 0.41284075626005695, 0.4135443368905046]
0.41276190313933026
nmae
[0.454194357212191, 0.45556604949168283, 0.4531398382105312, 0.4573591700372681, 0.45596997297756175, 0.4504186636237351, 0.4550716119691534, 0.4548719995142023, 0.45293282744874014, 0.4514833747898984, 0.4529738676613952, 0.45518609822593514, 0.4547621248858005, 0.45315691832122096, 0.46057872482541024, 0.4557391495782197, 0.4510594773734809, 0.4542618224726654, 0.4543033612867065, 0.45586804150680765]
0.4544448725706303
rmse
[1.1259596705142307, 1.1275813364867824, 1.1227585827601365, 1.12688017929033, 1.1321516440954522, 1.1262808772395525, 1.1274917061793346, 1.124916986397754, 1.1323443361724586, 1.1282409158769446, 1.133721490597883, 1.1279238132347258, 1.1324413994497515, 1.1273141238358853, 1.132575041363909, 1.1286955821887765, 1.1266163041334125, 1.1289698517442783, 1.1323215597004201, 1.1296307349867951]
1.1287408068124407
