Parameter setting:
----------------------------------------------------------------------------------------------------------------------------------
currentDate:2019-06-07 09:35:30
dataPath:..\DataSet\rtData.txt
program path:C:\Users\hp\PycharmProjects\test\ourNMF0407
outPath:C:\Users\hp\Desktop\ZhaoZhuangData\实验数据201906\rt\2019-06-07ourNMF参数u分析_rt.txt
parallelMode:True
threadNum:7
metrics:['MAE', 'NMAE', 'RMSE']
density:[0.05 0.1  0.15 0.2 ]
rounds:20
topK:5
u:[0.1 0.2 0.3 0.4 0.5 0.6 0.7 0.8 0.9]
dimension:10
lambda:30
weight:0.1
maxIter:300
numUser:339
numService:5825
method:mainOurNMF.py
saveData:True
----------------------------------------------------------------------------------------------------------------------------------
数据集： (339, 5825)
算法创新点：
1.改进PCC，在PCC前面加上一个min(sigma_u1,sigma_u2)/max(sigma_u1,sigma_u2)
2.利用局部平均值
3.利用以上两点改进的UIPCC对稀疏矩阵进行填充，在利用NMF进行矩阵分解时，原来的真实调用的数据权重为1，填充的数据权重为一个小于1的参数weight
++++++++++++++++++++++++u:  0.1
==================================================================================================================================
density = 0.05
mae
[0.5044701200629697, 0.5098085183751746, 0.5053351314968643, 0.5084867834871554, 0.5078367498296871, 0.5085857274812033, 0.509703585745214, 0.5040440792171131, 0.5098926015083961, 0.5082967990615966, 0.506636491011024, 0.5116242887732999, 0.5049682705875101, 0.5076457472517116, 0.5069476749962707, 0.5046305549378147, 0.5065889596138385, 0.5035257985789953, 0.5050016641186466, 0.5108384271495746]
0.507243398664203
nmae
[0.5550856492622751, 0.5609909399376226, 0.5566337048351844, 0.5600295586417378, 0.5593931323713931, 0.5597029423262934, 0.5610918986676202, 0.5547238994196775, 0.5610035460227639, 0.5594900415761851, 0.5576965250918303, 0.5631291780916541, 0.5559931146857202, 0.5589210557412022, 0.5576679606262828, 0.5554230638050752, 0.5576218291256101, 0.5541764980790396, 0.5557530520555843, 0.5623650770839348]
0.5583446333723343
rmse
[1.3205954635341854, 1.3259316326495914, 1.3167710926760583, 1.3245330386267928, 1.3261086496416095, 1.3240734771942744, 1.3255695151023115, 1.314719581141617, 1.3282277223501306, 1.3261644379123236, 1.3240850408725704, 1.323512753156728, 1.3232104267099867, 1.3192095976613456, 1.3251996550191325, 1.3214612749090984, 1.318966031016122, 1.3197853898535437, 1.3209782387881321, 1.322537995210005]
1.3225820507012778
==================================================================================================================================
density = 0.1
mae
[0.4580040762134812, 0.4598068160142056, 0.46034361612619684, 0.4624648793576858, 0.46129821766023943, 0.46020845719863296, 0.45808134434157044, 0.4586137196795012, 0.45845825932590833, 0.45861409857579827, 0.4587903550771581, 0.46132749812374774, 0.46161101146166955, 0.4606434760697181, 0.4599933795417796, 0.45987671983576195, 0.4553753134421934, 0.45551849618230683, 0.45812624763083876, 0.4613773829576732]
0.45942666824080336
nmae
[0.5040540846765178, 0.5058363848141552, 0.5067429737808559, 0.5094043106544801, 0.5082487494135807, 0.50646281800886, 0.5042682219857876, 0.5049471277557366, 0.5042433114280721, 0.5045903528546662, 0.504865092919345, 0.5075168791289609, 0.5083294605950335, 0.5068755832272095, 0.5063262319035178, 0.5059459313180333, 0.5012675843634251, 0.5015249031789984, 0.5039473508144627, 0.5080421075011794]
0.5056719730161439
rmse
[1.216297039820863, 1.2166819646790596, 1.2217182644122417, 1.2193997523765407, 1.2235543804810967, 1.2170664616520557, 1.2186994307533439, 1.211733908544853, 1.2190253627928735, 1.221806089501657, 1.2211093654647953, 1.2201705677733277, 1.2259419794652406, 1.21860896832294, 1.2163249021068918, 1.2198669006259624, 1.2125164296099653, 1.214563861246181, 1.222052569352045, 1.2189456229353701]
1.2188041910958651
==================================================================================================================================
density = 0.15000000000000002
mae
[0.43610964842874167, 0.43267792828065277, 0.4342635712238912, 0.4347397927579368, 0.43355408231833376, 0.42978969647415427, 0.4332893661932499, 0.434361578233861, 0.43244987232002313, 0.43043988922517196, 0.43350996065811026, 0.43610516624615153, 0.43305296283304195, 0.43351543248273866, 0.4345211364196185, 0.4342473145635122, 0.4276532539239546, 0.4322156614289354, 0.43263873882395293, 0.43236118617098424]
0.4330748119503508
nmae
[0.480093288967276, 0.47591803657772636, 0.47846261664406875, 0.4791081829266425, 0.47773112111411814, 0.473257122312659, 0.47663053832883195, 0.47852538125994876, 0.47567018531273425, 0.4737989793341002, 0.4770084427877619, 0.4799478083703222, 0.4772932571288343, 0.4770859777050694, 0.4782908520229121, 0.4779816371242915, 0.47092305801942463, 0.47607199297516983, 0.476252036722546, 0.4765265433124214]
0.4768288529473429
rmse
[1.1659708376154123, 1.1614884874721974, 1.1581044514991492, 1.1628459020602602, 1.162885150001791, 1.1575717291097003, 1.160938893952988, 1.1609566439151746, 1.168172413294569, 1.163099743971372, 1.169935218115254, 1.1636379869704208, 1.170405204205169, 1.1642985493181146, 1.167470263992802, 1.164257882034512, 1.157428931230841, 1.1612372540629923, 1.163972058271931, 1.1640317347781577]
1.1634354667936402
==================================================================================================================================
density = 0.2
mae
[0.4164584124357269, 0.41717351181149365, 0.41701476319312863, 0.41777440171085756, 0.4173404947315404, 0.4155627472572467, 0.41572551257453266, 0.41477238423355073, 0.41869547169017657, 0.4159208409011826, 0.41679343121482965, 0.41847364531826037, 0.4160373007782472, 0.41679098825546, 0.4167033903536207, 0.4171268486169463, 0.41151207338911977, 0.41673841938365797, 0.41590942708858686, 0.41755045807711894]
0.4165037261507642
nmae
[0.4586020219524125, 0.4592771325380748, 0.45966729477971696, 0.4603492913980344, 0.45969165797580425, 0.45735851868174204, 0.4570306696948208, 0.4570203632070283, 0.4602174711346269, 0.4576418076668475, 0.4586344731912819, 0.46069006317924627, 0.4586551185845691, 0.45857078203137325, 0.4587466931681372, 0.4591236434807464, 0.4529826295566811, 0.45906315151751564, 0.45768022621814614, 0.4602841644142393]
0.4585643587185523
rmse
[1.1299166820575395, 1.1296496722815883, 1.126153520979581, 1.1306070156214405, 1.1333184879890463, 1.1313810941873, 1.1311431964581276, 1.128484233944069, 1.1384944628307483, 1.1330313412891442, 1.1375262768448346, 1.1317700538844504, 1.1360785378895146, 1.1321513435841233, 1.134371921333833, 1.1323379997436684, 1.1290369295595184, 1.1295956407972694, 1.1365635942209062, 1.1337531001518042]
1.1322682552824253
++++++++++++++++++++++++u:  0.2
==================================================================================================================================
density = 0.05
mae
[0.5049724498151205, 0.510117204713317, 0.5057222141068879, 0.5087745897179963, 0.5080100321595712, 0.5088288822263104, 0.5100072173100361, 0.5043652102192496, 0.5102897787255444, 0.5087626604066082, 0.5068204538924252, 0.511842858147661, 0.5052863101541124, 0.5080262864753343, 0.5073736264653814, 0.5051122995372336, 0.5069806602268608, 0.5039400901514736, 0.5053756464902485, 0.5111134638559203]
0.5075860967398647
nmae
[0.5556383797918485, 0.5613306169589724, 0.5570600817361065, 0.560346538358156, 0.5595840065949128, 0.5599705362026512, 0.5614261423652633, 0.5550773189896612, 0.5614405357467969, 0.5600028222660703, 0.557899028191239, 0.5633697507048798, 0.5563432907651455, 0.5593400317412368, 0.5581365286833441, 0.5559532973764724, 0.5580529889607349, 0.5546324640960095, 0.5561646187081329, 0.5626678558694463]
0.558721841705354
rmse
[1.321859464840505, 1.3267749597846001, 1.3178042138528416, 1.3257810808059378, 1.3267560472730429, 1.3249005667744582, 1.3265691607007393, 1.3157260494269574, 1.329134807933919, 1.327399279044711, 1.3245681582444286, 1.3245663582607983, 1.3240992855833391, 1.3201017679392013, 1.3263097742835714, 1.3227369587357094, 1.3197529614347072, 1.3206953893768376, 1.3221672022882789, 1.3236468775428052]
1.3235675182063695
==================================================================================================================================
density = 0.1
mae
[0.45894658101568725, 0.4608643384140639, 0.4611248125595739, 0.46323336803912435, 0.4620162302076756, 0.46088122911592405, 0.4589692917345328, 0.459585702950487, 0.45932510708975777, 0.45955237179376257, 0.45967519482297486, 0.4621388962553456, 0.46241324976922327, 0.46152493974725073, 0.4610686799847015, 0.4606144572667584, 0.45618782179738737, 0.456043672735853, 0.4589312140645015, 0.4621556775748636]
0.46026264184697246
nmae
[0.5050913536006436, 0.5069997718910179, 0.507602909250555, 0.5102507996842149, 0.5090398406541857, 0.507203208490127, 0.5052456982759641, 0.5060173097844249, 0.5051967290578258, 0.5056226883532847, 0.5058387940783753, 0.5084095166785422, 0.5092128913538798, 0.507845514288548, 0.5075098420284531, 0.5067575732983601, 0.5021619765020866, 0.5021031214563606, 0.5048328287887913, 0.508899120549889]
0.5065920744032766
rmse
[1.2177440691339376, 1.2183165895248782, 1.2226429920761217, 1.220675714047587, 1.2246075461360038, 1.218275690635809, 1.2198001816748185, 1.2130492270179665, 1.2199787938195032, 1.2231843341818407, 1.2222419445709611, 1.221286010278638, 1.2271530005165667, 1.2197741694782098, 1.2175343546202975, 1.2212399504598082, 1.2138765125865998, 1.2149242757576353, 1.2234328866073743, 1.2199509308571848]
1.219984458699087
==================================================================================================================================
density = 0.15000000000000002
mae
[0.43654853984853054, 0.4331334567879979, 0.43502998117094016, 0.43519892219343986, 0.4340107207314486, 0.4307370030953216, 0.43361478177665, 0.43476334777355435, 0.4329721222024095, 0.43096192337306544, 0.4339726000192102, 0.43646553545921285, 0.43342320357113445, 0.43385911850998926, 0.4349307640045737, 0.43490804508959857, 0.42819093851916923, 0.4327639668085166, 0.4331996662092185, 0.4329313807360761]
0.43358080089400275
nmae
[0.48057644458189064, 0.4764190887892001, 0.4793070312645575, 0.47961416989456307, 0.478234288746342, 0.4743002362103611, 0.47698850465987597, 0.4789680008004296, 0.4762446303854118, 0.47437359904904974, 0.4775175034812592, 0.4803444063182477, 0.4777013213218371, 0.4774642059572804, 0.47874174177302803, 0.4787089117624184, 0.47151514535070316, 0.47667593415109394, 0.4768695098836697, 0.47715498280655144]
0.4773859828593885
rmse
[1.1665672428180447, 1.1623031164137474, 1.1586773527756182, 1.1634044859150348, 1.1635635514898646, 1.1583679671421792, 1.16155242333021, 1.1615886245156082, 1.16873975780324, 1.163820616901358, 1.170555378949893, 1.1640873474292455, 1.1707899726886337, 1.1648122461794637, 1.1679080765307477, 1.1648121209891162, 1.1580112290214017, 1.1618850258071691, 1.1645774495481158, 1.1645776646668842]
1.1640300825457788
==================================================================================================================================
density = 0.2
mae
[0.4166348013278328, 0.41678306575827606, 0.41698956690096584, 0.41799328422487775, 0.41740419576908233, 0.41617747162011576, 0.4158876721594819, 0.41492241230673604, 0.4189253657169206, 0.4160393817654946, 0.4170212200375607, 0.4186000061243526, 0.4160749280820214, 0.4168389827617634, 0.4168801482143059, 0.41738445514025196, 0.411545931360301, 0.4167564276436429, 0.41616373903116344, 0.4177136161865969]
0.4166368336065872
nmae
[0.45879626056100875, 0.45884728035749434, 0.45963952139498526, 0.46059047996730995, 0.45976182331066173, 0.45803506975821606, 0.45720894093741987, 0.45718567287349776, 0.46047016373526567, 0.45777223935021444, 0.45888512926906033, 0.4608291715039718, 0.458696600334985, 0.4586235875835779, 0.4589412850192186, 0.4594071861152152, 0.4530198996000381, 0.4590829887300152, 0.45796007932997196, 0.4604640207468951]
0.4587108700239512
rmse
[1.130252006351302, 1.1294486079934816, 1.126081426406418, 1.1308284310133374, 1.1334723144816594, 1.1317641594599583, 1.1313870869085907, 1.1285109672290676, 1.1387636165543225, 1.133126113465984, 1.1377527723174, 1.1319375740539093, 1.1360573829044427, 1.1322684331549675, 1.1345144231043687, 1.132620761566747, 1.1290934135660864, 1.1297669259463257, 1.136942172150068, 1.1339165024802287]
1.1324252545554332
++++++++++++++++++++++++u:  0.30000000000000004
==================================================================================================================================
density = 0.05
mae
[0.5056211500512876, 0.5105700612152466, 0.5062468574257991, 0.5091851961385168, 0.5083169410368544, 0.5092190316527216, 0.5104333778594953, 0.504828720530615, 0.5107708751211001, 0.5093486220605423, 0.507091425986613, 0.5121795828101895, 0.5057450954409366, 0.5085448425632986, 0.5079315825938175, 0.5057585510352327, 0.5075058368251573, 0.5045013622636346, 0.5058635413395132, 0.5115350418686233]
0.5080598847909598
nmae
[0.5563521667485953, 0.5618289381629492, 0.557637983679036, 0.5607987659084623, 0.5599220733422949, 0.5603998989828275, 0.5618952684191515, 0.5555874335965844, 0.5619698565941422, 0.5606477991983014, 0.5581973094994485, 0.5637403732234227, 0.556848434306732, 0.5599109651484703, 0.5587503085103571, 0.5566645959363693, 0.5586310709141576, 0.5552501957285587, 0.556701545753778, 0.5631319571175327]
0.5592433470385587
rmse
[1.3234730980531197, 1.3280195589469954, 1.3192007973342688, 1.3271952815125854, 1.3277497483240728, 1.3261056825708128, 1.3279393856009267, 1.3171458440415487, 1.3304091380673062, 1.3289748303105327, 1.3253255726945674, 1.3259613253201952, 1.3253640677975391, 1.321381386080956, 1.3277727061917042, 1.3244139169388456, 1.3209321914549694, 1.321999151970326, 1.32366052091621, 1.325214953241252]
1.3249119578684367
==================================================================================================================================
density = 0.1
mae
[0.45999247494008677, 0.46203123853496236, 0.46197942119397817, 0.4640750707573162, 0.4628429872367402, 0.46166187421175564, 0.4599966521682088, 0.4606647158198716, 0.4602908538447982, 0.4605977408284098, 0.46066700613132167, 0.4631148064701204, 0.4633131571847231, 0.4625114149212169, 0.46204928521091876, 0.4614629913165256, 0.457112406206649, 0.45680483424323903, 0.45970732566712186, 0.4630314587242697]
0.46119538578061176
nmae
[0.5062424069036849, 0.508283486090192, 0.5085436563482579, 0.5111779338560726, 0.5099507442952669, 0.5080623142038863, 0.5063766441781007, 0.5072053345334185, 0.5062589224677089, 0.5067728560687869, 0.5069302095861462, 0.5094831377146324, 0.5102038760569051, 0.5089309962395994, 0.508589218757027, 0.5076911112043837, 0.5031797396080119, 0.5029411586699858, 0.5056865659149645, 0.5098634801333645]
0.5076186896415198
rmse
[1.2194993526636917, 1.2202976473642515, 1.2238056163997804, 1.2222346616954405, 1.2259661115176979, 1.2197549281054914, 1.2212385566715722, 1.214690908190492, 1.2211881962755438, 1.2248888348603602, 1.223667063285326, 1.2228127340290575, 1.2286493750967746, 1.221269764881571, 1.2190100585559023, 1.222910886335832, 1.2153194291771956, 1.21602043223085, 1.2249724009967486, 1.2213147389413166]
1.2214755848637446
==================================================================================================================================
density = 0.15000000000000002
mae
[0.4370016410210352, 0.4336448533044581, 0.43550741933535014, 0.43568791071176227, 0.4345154816331034, 0.43180587209265103, 0.4340237275893952, 0.4352228354223462, 0.4335815140681516, 0.4315162705707678, 0.4345796449460044, 0.4368459618493927, 0.43385372583994125, 0.4342601779755667, 0.43537229333970084, 0.435576983575352, 0.4288148866361342, 0.4333308563525372, 0.43383385914253675, 0.4335866087284122]
0.43412812620672997
nmae
[0.48107524306737803, 0.47698159223603304, 0.47983306275457066, 0.48015306328409896, 0.4787904823131346, 0.47547720687753897, 0.4774383566019823, 0.4794742069506521, 0.4769149266677312, 0.47498378677338193, 0.478185459425784, 0.48076307783682815, 0.4781758253515544, 0.47790557397538547, 0.4792277467660904, 0.4794452210079396, 0.4722022243161747, 0.4773003452011851, 0.4775676343211366, 0.4778771418260384]
0.47798860887773087
rmse
[1.1673237159920393, 1.1632396841157606, 1.1595812430755452, 1.164113216814695, 1.164424168689304, 1.159420215967732, 1.1623715881255992, 1.162390842910476, 1.169500379095884, 1.1646783838375905, 1.1714360674461022, 1.1646580861248839, 1.1713751396371366, 1.1654863738019532, 1.1684961236738693, 1.1654961653341305, 1.1587710745524624, 1.1626544631594855, 1.1654076352243599, 1.1653434018957232]
1.1648083984737365
==================================================================================================================================
density = 0.2
mae
[0.4168725223241717, 0.4167066365607423, 0.41697762479878314, 0.4182436220845516, 0.41753046476152733, 0.41683613549202, 0.41613484263334066, 0.4151381005466532, 0.4191967530587397, 0.41624125086390606, 0.41729100372072353, 0.4188578382839742, 0.4161437361132681, 0.41694863926248077, 0.41709597728577363, 0.4176881807649267, 0.41163673332987105, 0.416805596435207, 0.41643676375945626, 0.4179310854765818]
0.416835675377835
nmae
[0.45905803779092214, 0.45876313747283926, 0.45962635784709965, 0.46086632945889927, 0.45990090591400534, 0.45875997961780174, 0.4574806694789204, 0.4574233307347572, 0.46076846454001474, 0.45799435791226806, 0.45918199598560705, 0.46111301426261286, 0.45877245688840457, 0.4587442362269165, 0.45917889017223007, 0.4597414911734522, 0.4531198522323048, 0.4591371511958735, 0.4582605245982673, 0.46070374667340325]
0.45892974650883006
rmse
[1.1306984096167432, 1.1295507187448044, 1.1261131517672225, 1.1311598613995046, 1.1337566246432969, 1.132167418055958, 1.131786521543076, 1.1286887241071366, 1.1391463554849963, 1.1333413206079057, 1.138071452166239, 1.1322486237683986, 1.1361157037827447, 1.1324879683497937, 1.1347689704303696, 1.1329822815908999, 1.1292723071930528, 1.1300237705254808, 1.13744887025741, 1.13417685268862]
1.1327002953361824
++++++++++++++++++++++++u:  0.4
==================================================================================================================================
density = 0.05
mae
[0.5063854431993821, 0.5111607482860943, 0.5069064528824153, 0.5097358234784058, 0.5087496183792212, 0.5097417267034842, 0.5109880033830272, 0.5054302151962062, 0.5113365133392882, 0.5100418755422984, 0.5074721199715233, 0.5126398603117995, 0.5063370194026849, 0.5091956912439866, 0.5086014003565535, 0.5065564076719281, 0.5080981733436175, 0.5052070635904887, 0.5064697237814941, 0.512073977064573]
0.5086563928564235
nmae
[0.5571931445220336, 0.5624789274886276, 0.5583645372863841, 0.5614052076020289, 0.560398676766395, 0.5609751293560825, 0.562505811285145, 0.5562494063885179, 0.5625921936220395, 0.5614108738823179, 0.5586163707322549, 0.5642469865661888, 0.5575001696063908, 0.5606275535050306, 0.5594871417658583, 0.5575427591258441, 0.5592830783584839, 0.55602688500865, 0.5573686479955525, 0.563725252995262]
0.5598999376929543
rmse
[1.325424019216041, 1.3296543356890633, 1.3209555595926479, 1.3289363034258912, 1.3290865931421656, 1.3276836927393532, 1.3296769597134857, 1.3189697757673864, 1.332010990293816, 1.3308685271914813, 1.3264027804870324, 1.327748600076017, 1.3270017845235302, 1.3230442686493415, 1.3295688114981434, 1.3264818321004854, 1.3224808247978537, 1.3236976921694912, 1.325461555983123, 1.3272113666389749]
1.3266183136847662
==================================================================================================================================
density = 0.1
mae
[0.4611447070994091, 0.46335237346212277, 0.46290444386939394, 0.46500483793344277, 0.4637724646378988, 0.4625483743321637, 0.461161247780309, 0.4618371389940024, 0.46134400937771114, 0.4617363256963281, 0.46175386350582087, 0.4642335981781274, 0.46430763038022543, 0.46359619165649424, 0.46301834035061096, 0.46240414051427076, 0.45802878764270216, 0.4576809825494231, 0.46051898749242, 0.4640113624615193]
0.46221799039571987
nmae
[0.5075104902168373, 0.5097368749746793, 0.5095619147207743, 0.5122020708847735, 0.5109748230986559, 0.5090379141567426, 0.5076586622430153, 0.5084962067618056, 0.5074172539462292, 0.5080255845436462, 0.5081262163096841, 0.5107139459329858, 0.5112989972964206, 0.5101246457080698, 0.5096558820161283, 0.5087265421945248, 0.5041884730532521, 0.5039057961064721, 0.5065794089440019, 0.5109424934925136]
0.5087442098300607
rmse
[1.2215652331513356, 1.222603753615266, 1.2252277923266337, 1.224094736247617, 1.2276291580814143, 1.22150739892772, 1.2230095493928357, 1.216659026916388, 1.2226897832509551, 1.2269028534349469, 1.225377366318619, 1.2246795240332184, 1.2304343261218182, 1.2231052592425953, 1.2207563208192755, 1.2248691366855764, 1.2168849073723051, 1.2174845364934996, 1.2267147723596155, 1.223028281141137]
1.2232611857966385
==================================================================================================================================
density = 0.15000000000000002
mae
[0.4374246678787019, 0.4341625896873134, 0.43564388647489527, 0.43620770219725186, 0.43507789615508224, 0.43289625531597536, 0.4345133333284896, 0.43573957087743664, 0.4342744929868105, 0.43213095622336545, 0.4353335753824658, 0.4372224467682949, 0.43434269909734025, 0.43470985171400783, 0.43586796750303863, 0.4362111906729296, 0.4295296355953418, 0.43393518798480485, 0.43453692894458157, 0.4343221204634468]
0.43470414776257876
nmae
[0.48154093410666227, 0.4775510691302497, 0.47998341942503386, 0.4807259033099309, 0.47941020412195506, 0.4766778676442391, 0.477976936740802, 0.4800434815896824, 0.47767716393904286, 0.47566039096853757, 0.4790150394034178, 0.481177411639078, 0.4787147516693564, 0.4784004422524474, 0.4797733506459432, 0.4801433009651656, 0.4729892913208048, 0.4779659975369668, 0.4783415789431373, 0.4786877855097736]
0.47862281604311124
rmse
[1.1682211205086968, 1.1642712327282123, 1.1607330045746427, 1.1649620192645116, 1.1654763837457733, 1.1606894108899235, 1.1633990101629212, 1.1633680652578249, 1.1704730896192184, 1.1657121137168327, 1.1726142907881014, 1.165417710266826, 1.172146326539316, 1.166317890017764, 1.16925309187611, 1.1663121107542096, 1.1597134003120497, 1.1635622609042915, 1.1664234856035305, 1.1663261258019417]
1.1657696071666348
==================================================================================================================================
density = 0.2
mae
[0.41715142169929603, 0.41677508613661224, 0.41696858078061544, 0.4185344998436616, 0.4177187159688726, 0.41751652626311353, 0.41643536732401015, 0.4154233191785816, 0.41949694474530824, 0.41654274157775034, 0.4175714052849665, 0.41927166918830583, 0.4162602734941651, 0.41711183419523745, 0.41734260934151424, 0.4180630645405932, 0.41176578324106977, 0.41689235850692546, 0.41672653323839925, 0.41818582977617524]
0.41708772821625867
nmae
[0.45936516045559644, 0.4588384953851681, 0.45961638880108013, 0.461186850222597, 0.460108260605709, 0.4595088015881201, 0.4578110533415463, 0.4577376012303646, 0.4610984262142848, 0.4583260911213554, 0.4594905464906468, 0.46156859321625776, 0.45890093206636307, 0.4589237900801585, 0.45945040617766564, 0.46015411866443373, 0.4532619072822026, 0.45923272498562434, 0.45857939633339995, 0.46098456247616304]
0.4592072053369368
rmse
[1.1312635194768517, 1.1298677515003115, 1.1262618809501206, 1.1316003142061404, 1.1341604329454724, 1.1326250422676085, 1.132400732118263, 1.129005587743909, 1.139631437515833, 1.1336837418670629, 1.138456462874938, 1.132742337323163, 1.1362960370105368, 1.132817610910756, 1.1351252637588878, 1.1334631789757914, 1.129568526694913, 1.1303745793044468, 1.1380709136394, 1.1345249666574617]
1.1330970158870934
++++++++++++++++++++++++u:  0.5
==================================================================================================================================
density = 0.05
mae
[0.5072510532006231, 0.511869691900679, 0.5077013021525856, 0.5104185016737763, 0.5092990168678097, 0.5103811790394618, 0.5116591939838689, 0.5061628455215412, 0.5120086295881052, 0.5108321398807578, 0.5079810451370083, 0.5132386233971548, 0.5070588246435982, 0.5099707844786574, 0.5094010169613262, 0.5075001430368632, 0.5087034454060759, 0.5060602286669957, 0.5071882263196312, 0.5127260590935343]
0.5093705975475026
nmae
[0.5581456046786171, 0.5632590457690679, 0.5592400748583116, 0.562157085489249, 0.5610038510503645, 0.561678852120181, 0.5632446713189498, 0.5570557000593694, 0.563331681894296, 0.5622807298963576, 0.5591765865898936, 0.5649060267476785, 0.5582949101227106, 0.5614809358713075, 0.5603667602812599, 0.5585814841548468, 0.5599493244504713, 0.5569658717213792, 0.5581593582186094, 0.5644431084677409]
0.5606860831880331
rmse
[1.3277200926741126, 1.3316555598872655, 1.3230663923776975, 1.3310425246572788, 1.3307595056123271, 1.3296250146119943, 1.3317760635676659, 1.321191637186043, 1.3339798524308824, 1.3330699940187358, 1.3278444252549244, 1.3299468464899282, 1.329009429114193, 1.3250829069854437, 1.3317153227239678, 1.3289372618392044, 1.3243496707210753, 1.3257816515692007, 1.327570707011652, 1.3296169062800927]
1.3286870882506845
==================================================================================================================================
density = 0.1
mae
[0.462401666515445, 0.46530391852798775, 0.46391871764804765, 0.4660184357969811, 0.46480353028789034, 0.4635272430496636, 0.46246567118063775, 0.46309650210180814, 0.4624575651816595, 0.4629820965635416, 0.46291969666608224, 0.4655715694919444, 0.4653749574007648, 0.46478670148450185, 0.4640480927406604, 0.46340234362971533, 0.45900955543083, 0.45866088149535283, 0.46140133066663913, 0.46510707927553996]
0.46336287775678475
nmae
[0.5088938305861274, 0.5118837820376849, 0.5106784200720335, 0.5133185472789891, 0.5121108297145702, 0.5101151664352936, 0.509094606485071, 0.5098828024016667, 0.508642017716149, 0.509396244458846, 0.5094091300855956, 0.5121858786235671, 0.512474345707004, 0.5114346400849743, 0.5107893562586636, 0.5098247426102114, 0.5052680816430548, 0.5049846627784106, 0.5075500027649332, 0.5121490335180584]
0.5100043060630453
rmse
[1.223952925062589, 1.2255526812360575, 1.22693060271551, 1.226241289614035, 1.229621208994899, 1.2235689143662467, 1.2251150525671104, 1.2189528067418214, 1.22449848341005, 1.2292332386922977, 1.227361041768185, 1.2268093587736226, 1.2325068110879533, 1.2252829882181877, 1.2228053133896917, 1.2270927970601073, 1.218672950463723, 1.219270747090643, 1.2287528126276455, 1.2250996071447187]
1.225366081551255
==================================================================================================================================
density = 0.15000000000000002
mae
[0.4377457119568328, 0.4346929642210327, 0.4353810100002801, 0.4367793520698594, 0.4356889333636075, 0.4339423882428475, 0.43510071721615534, 0.4363067984264706, 0.4350493047639832, 0.4328468027119128, 0.4357213634174078, 0.43769849252672, 0.43489595836343536, 0.435234186613625, 0.43642466153357773, 0.4367569398854207, 0.4302693023918043, 0.434552533971384, 0.43532990096971536, 0.4351277131585082]
0.43527725179022897
nmae
[0.48189435693949495, 0.4781344471817753, 0.4796937875649539, 0.48135589425232383, 0.4800835030310791, 0.47782980279435916, 0.47862307560417516, 0.4806683821167186, 0.4785294126855924, 0.47644834613747916, 0.4794417381726885, 0.4817013153580061, 0.4793245313956599, 0.47897747552389547, 0.48038612098060757, 0.48074401418387136, 0.4738037973405988, 0.4786459847757778, 0.47921448862076016, 0.47957566886881203]
0.4792538071764314
rmse
[1.169253176705309, 1.1654183351812823, 1.1626476213500598, 1.1659816307641315, 1.1667740957432018, 1.1621100726566718, 1.1646335589630656, 1.1645222513162026, 1.1716489011085025, 1.1669601118179433, 1.173834550153735, 1.1664123486398792, 1.1731090697281294, 1.1674030409463407, 1.1701784195326148, 1.1672526453545784, 1.1608459184276716, 1.1646115032932962, 1.1676323309429628, 1.1675201750804087]
1.1669374878852994
==================================================================================================================================
density = 0.2
mae
[0.41742941940443967, 0.41693865150499554, 0.4169515980528329, 0.418854084025723, 0.41795635159379013, 0.4181731640755987, 0.41684675641894914, 0.41578499191450485, 0.41982005749232876, 0.41690495099511804, 0.41781750271158075, 0.41985813947970396, 0.41643680886388146, 0.4173381565773117, 0.4176274979372241, 0.4185069247487993, 0.4119519770537801, 0.41702049877141284, 0.41703570590499767, 0.418484690451464]
0.4173868963989218
nmae
[0.4596712902055788, 0.4590185687389326, 0.45959766906924615, 0.46153900284648086, 0.46037001118057885, 0.4602314816146883, 0.4582633167410205, 0.45813611330931886, 0.4614535820289032, 0.45872463371941075, 0.45976134913568845, 0.46221422774693766, 0.4590955512766602, 0.4591727993789761, 0.4597640386179784, 0.46064266721186814, 0.4534668649695776, 0.4593738794146757, 0.4589196199656935, 0.4613140096927583]
0.45953653384324855
rmse
[1.131933779751536, 1.1303620780237629, 1.1265395058541927, 1.1321486476520801, 1.1346884151356014, 1.1330906757127217, 1.133163806503864, 1.1294572039597914, 1.1402417013140798, 1.1342316180070828, 1.138904380380232, 1.1334668696809342, 1.136619308441007, 1.1332936344391629, 1.135594612636696, 1.1340458726058325, 1.1299622044853526, 1.130819449981301, 1.138782008320021, 1.1349936592986563]
1.1336169716091955
++++++++++++++++++++++++u:  0.6
==================================================================================================================================
density = 0.05
mae
[0.5082461496168796, 0.5126935419171633, 0.5086285484296468, 0.5112224509052062, 0.509955785203208, 0.5111328950124948, 0.5124454314439123, 0.5070227363359034, 0.512794731058601, 0.5117373874315612, 0.5086303511391044, 0.5139750531436849, 0.5079085262120638, 0.5108658002299031, 0.5103155326182397, 0.5085929678127166, 0.5093800734140349, 0.5070468802661809, 0.508018712527185, 0.5135037850405904]
0.510205866987914
nmae
[0.5592405431463847, 0.5641656065236591, 0.560261449582381, 0.5630425270540432, 0.5617272955362235, 0.5625061219768951, 0.5641101772357159, 0.5580020498039375, 0.5641965811126358, 0.5632771496864699, 0.5598913311997176, 0.5657165924049112, 0.5592304703333649, 0.5624663536578239, 0.5613727735376685, 0.559784304870452, 0.5606941147588178, 0.5580517726416571, 0.5590733061861742, 0.5652992811613395]
0.5616054901205135
rmse
[1.33038470221727, 1.3340080017590905, 1.32553847130306, 1.3335159948866693, 1.3327664430291122, 1.3319219498332102, 1.3342371753486344, 1.3238074804134308, 1.3363133749238587, 1.3356037135290475, 1.3296700488094464, 1.3325387930401753, 1.3313819329169905, 1.3274919423026856, 1.334210455540442, 1.3317773165745184, 1.3265567219547805, 1.328237836047622, 1.3299915271545997, 1.332420335665989]
1.3311187108625315
==================================================================================================================================
density = 0.1
mae
[0.4637313218508665, 0.46697216149374815, 0.4650276203163944, 0.4671185798773132, 0.4659321785606982, 0.4645916783859676, 0.4639249320252834, 0.464428289494157, 0.46363622687620254, 0.4643192480896829, 0.4641592781505588, 0.46727091168599855, 0.4665071443952938, 0.46608142589974205, 0.4651978942763868, 0.46447393754626776, 0.46009441511108273, 0.45974500519086486, 0.46240297696189087, 0.4663068320377072]
0.4645961029113053
nmae
[0.5103571760842114, 0.5137190266695649, 0.5118990922310616, 0.5145303541899063, 0.5133543508278577, 0.5112865854120207, 0.5107009999359997, 0.5113491392984735, 0.5099383893352004, 0.5108674459820679, 0.5107731984763448, 0.5140553636432249, 0.5137211184007473, 0.5128593084612482, 0.512054971602087, 0.5110036859198411, 0.5064622724022836, 0.5061782806797309, 0.5086518322269116, 0.51347013191665]
0.5113616361847716
rmse
[1.226635140200223, 1.2286620472680394, 1.2289591126628103, 1.2286857873917316, 1.2319375271382873, 1.2259530376675287, 1.2275790929529908, 1.2215933489530109, 1.226650291201034, 1.2318775982938415, 1.2296187140844679, 1.229256978045393, 1.234869863746608, 1.2278009496685724, 1.2251984717698612, 1.2295593097492674, 1.2207369737378557, 1.2213711372490026, 1.231031773917696, 1.2275155864941991]
1.227774637109621
==================================================================================================================================
density = 0.15000000000000002
mae
[0.4379547796571274, 0.43525175952279677, 0.43558487950818436, 0.4373871373226936, 0.4363771980342684, 0.43495101289332433, 0.4357641469195964, 0.4369250689682541, 0.43589800500577236, 0.4336513223392178, 0.4358658812683123, 0.438244291610407, 0.4355056886796179, 0.4358297645181865, 0.4370777222178257, 0.43722702338883157, 0.4310280421258841, 0.43516712520420636, 0.4362200583371952, 0.43599213622433625]
0.4358951521873019
nmae
[0.4821245100677573, 0.4787490862596714, 0.4799184067701313, 0.48202570845600573, 0.48084189850271175, 0.4789404362122708, 0.4793528670123341, 0.4813495154433165, 0.47946293452737493, 0.4773339066717446, 0.4796007569756483, 0.4823019848622932, 0.479996551202838, 0.47963291209110137, 0.4811049650710594, 0.48126144117768316, 0.4746393060910531, 0.4793229377397391, 0.48019438066745534, 0.48052839207499654]
0.4799341448938593
rmse
[1.1704409990221203, 1.1667237871591225, 1.163826942088737, 1.1671628154312454, 1.1683877352593408, 1.1636673623400666, 1.166059221187324, 1.1658519207773295, 1.1730270681274164, 1.1683702652360148, 1.1749883371210612, 1.1675661593437796, 1.1742838800951394, 1.1688255944255064, 1.1712576169445257, 1.16850337281353, 1.1621555997947883, 1.1657910358454802, 1.1690389641935515, 1.1689164139822596]
1.1682422545594169
==================================================================================================================================
density = 0.2
mae
[0.41770742833550784, 0.4171758538073103, 0.4169263117137502, 0.41919889121243664, 0.4182447232787861, 0.4187031285576908, 0.41737594731308303, 0.4162141147853606, 0.42015247078154444, 0.4172768771819136, 0.41802293088628245, 0.420547112030592, 0.41666404713514915, 0.41762513898684195, 0.4179489300718316, 0.419017561985703, 0.412161357434213, 0.41718915391014505, 0.4173754837813462, 0.4188311226150519]
0.417717929290227
nmae
[0.4599774323174958, 0.4592797109019753, 0.4595697964275392, 0.4619189489212584, 0.4606876464440209, 0.4608147479735796, 0.4588450863496371, 0.458608945874248, 0.4618189607198091, 0.45913386777480203, 0.459987399825615, 0.4629727051601472, 0.4593460672665973, 0.4594885493632029, 0.46011790165879507, 0.4612047159734895, 0.453697345875095, 0.45955966348426197, 0.4592935225636695, 0.4616958970451937]
0.4599009455960217
rmse
[1.1327165572245648, 1.1309964440899427, 1.126948808112435, 1.1328017579095082, 1.135336998751037, 1.1335874752133102, 1.1340375875536794, 1.13004860593815, 1.1409490356280516, 1.1349832855911335, 1.1395099027046183, 1.134386181984364, 1.1370828329176035, 1.1338888598535164, 1.1361590424410557, 1.134760600443763, 1.1304861055036908, 1.1313608282579388, 1.1395868435075647, 1.1355706363496847]
1.1342599194987808
++++++++++++++++++++++++u:  0.7000000000000001
==================================================================================================================================
density = 0.05
mae
[0.5093954380663483, 0.5136427950528024, 0.5096862280011382, 0.5121440351437979, 0.5107335567456036, 0.5119899113510488, 0.5133612894765284, 0.5080065413404533, 0.5137148880371138, 0.512771844855672, 0.5094291667251968, 0.5148453275013315, 0.5088844117863103, 0.5118757528474982, 0.5113476973548402, 0.509824104486458, 0.5102304163644457, 0.5081677670260258, 0.5089735449414163, 0.5144076413686169]
0.5111716179236323
nmae
[0.5605051443582133, 0.5652101602916073, 0.5614264984018918, 0.5640575277013564, 0.5625840276642468, 0.5634492757863541, 0.5651183720705221, 0.5590847728650636, 0.5652089733817455, 0.564415792755427, 0.560770653326049, 0.5666744767244982, 0.5603049648939258, 0.5635783176333538, 0.5625082067038125, 0.5611393589721136, 0.561630119743517, 0.559285411714505, 0.5601240968391848, 0.5662943066068992]
0.5626685229217144
rmse
[1.3334175755967894, 1.3367208956773116, 1.328373256439362, 1.336348484794916, 1.3351085616125244, 1.3345693546614543, 1.3370687141042534, 1.3268166549068279, 1.33900977410783, 1.3384824120735506, 1.3318792734742004, 1.3354959221255565, 1.3341158734590344, 1.3302676113829022, 1.3370595264862055, 1.334998346259392, 1.3292118138050244, 1.3310589855293375, 1.3327288934741888, 1.3356226999709535]
1.333917731497081
==================================================================================================================================
density = 0.1
mae
[0.46515028846381595, 0.46890708417948224, 0.46623041317242275, 0.46831268769653045, 0.46716234602697426, 0.4657307868025476, 0.46549072828474974, 0.46581964270242254, 0.4649306893905976, 0.46574478018535403, 0.4654722734297626, 0.46860826792122795, 0.467703957372058, 0.46748257291192097, 0.4664908581381623, 0.4656440910761943, 0.4612998638872087, 0.460921454152368, 0.46345548076410054, 0.46762001323527036]
0.4659089139896585
nmae
[0.5119188126600033, 0.5158476473471157, 0.5132231180399458, 0.5158456620060163, 0.5147097236699106, 0.5125401826670353, 0.5124246704270737, 0.5128810599019356, 0.5113621265053798, 0.5124358882637032, 0.5122180533567976, 0.5155266196718548, 0.5150390577041996, 0.5144010804516926, 0.5134781693028286, 0.5122910622795213, 0.5077892051064632, 0.5074735485041065, 0.5098096058877499, 0.5149161311523822]
0.5128065712452858
rmse
[1.229617075220423, 1.233291197019368, 1.2313119490744204, 1.2314319146549073, 1.2345696989977886, 1.2286346938666348, 1.230322066350501, 1.2245758432369702, 1.2291552097161178, 1.2348380408763895, 1.232158220608157, 1.231866681000391, 1.2375261173813092, 1.2306747918908607, 1.227945539117914, 1.232302746647417, 1.2230914447807875, 1.2237675729098907, 1.2335429545843684, 1.2302813755524449]
1.230545256674353
==================================================================================================================================
density = 0.15000000000000002
mae
[0.438295374836816, 0.43586659110296655, 0.4359882904322137, 0.4380348182528723, 0.4370065206050719, 0.4359355722261961, 0.43648882172471837, 0.4376038668564142, 0.4368388666595015, 0.43457534076501436, 0.43631323684581697, 0.4388652404425324, 0.43617601922178495, 0.4365055876083053, 0.437873452276935, 0.4377515365165594, 0.4318071791556094, 0.43577538100344865, 0.4371742665625325, 0.43690444770667414]
0.4365890205400992
nmae
[0.48249945581961634, 0.47942536165837996, 0.48036287657852417, 0.48273948998404487, 0.48153534596302566, 0.4800245704305721, 0.4801500297618223, 0.48209733024671375, 0.4804978286638491, 0.4783510033627979, 0.4800930003074369, 0.48298535908978507, 0.4807353620996178, 0.48037665890043285, 0.48198084975433997, 0.4818387795631526, 0.47549727592826996, 0.47999291242234693, 0.48124478038896346, 0.4815338954619976]
0.48069810831928433
rmse
[1.1718655519144134, 1.1681814611544332, 1.165158034566558, 1.1685012606704788, 1.1703053138741817, 1.1653604547517187, 1.1676636243681495, 1.167360404137575, 1.1746432018197268, 1.169934938820136, 1.1763336275103007, 1.1688701452518955, 1.1756626123069733, 1.1703503844169298, 1.1724685271802426, 1.170126466280159, 1.163639394046617, 1.1671268013565574, 1.1706550518940426, 1.170504826737815]
1.169735604152945
==================================================================================================================================
density = 0.2
mae
[0.41797043663165234, 0.41747726222651355, 0.41688806321662025, 0.41956287618957794, 0.4185912659299506, 0.4190629493243718, 0.4182223316372985, 0.41671327639505695, 0.4204879914248218, 0.4177030848901519, 0.4182244917229717, 0.4211775528210129, 0.41693096294709725, 0.41797079784552477, 0.41830293145714875, 0.41962274459671756, 0.4124120149156683, 0.4173932308282743, 0.417758354645991, 0.419214406106114]
0.4180843512876268
nmae
[0.46026705580161925, 0.45961153924336107, 0.4595276358501282, 0.46232002717215254, 0.461069355786594, 0.4612107581884661, 0.4597755647129202, 0.4591589511996604, 0.46218775492085273, 0.45960282832416305, 0.4602091949433584, 0.4636667460174846, 0.4596403252649839, 0.4598688576174809, 0.46050762002598516, 0.46187082904259896, 0.45397326362431817, 0.45978446683531116, 0.45971484608395996, 0.46211840723050096]
0.46030430139429496
rmse
[1.1335546790590767, 1.1317551295194852, 1.1275398304230928, 1.1335574925050989, 1.1361043714684451, 1.1341654007420128, 1.1351956409138555, 1.1307767374735969, 1.1417426865275473, 1.1358264374693887, 1.1402346531331418, 1.1354247108023003, 1.1376730868215208, 1.1345851394291602, 1.136822817000203, 1.1355937383177155, 1.1311355925266113, 1.131997493502504, 1.1405023767865285, 1.1362413381703327]
1.135021467629581
++++++++++++++++++++++++u:  0.8
==================================================================================================================================
density = 0.05
mae
[0.5106839028864002, 0.5147294710199417, 0.5108706510670724, 0.5131789116315124, 0.5116319154004703, 0.5129573695533127, 0.5144155087444161, 0.5091211259100321, 0.5147419624232562, 0.5139304928171399, 0.5103757848826584, 0.5158272641717483, 0.5099801837873318, 0.5129939615084549, 0.5125127945366933, 0.5111852295468473, 0.5112734442467433, 0.5094211389462032, 0.5100410954173732, 0.5154412648266147]
0.5122656736662111
nmae
[0.5619228860692602, 0.5664059335088851, 0.5627311569506263, 0.5651973044693757, 0.5635735890973399, 0.564513971811283, 0.5662788777196364, 0.5603114249063497, 0.5663390003147711, 0.5656911342435705, 0.5618126739194564, 0.5677552643303323, 0.5615114598824614, 0.564809472171148, 0.56378987225113, 0.5626374851633754, 0.5627782203969524, 0.5606648629034504, 0.5612989334335787, 0.5674321883807432]
0.5638727855961863
rmse
[1.3367947311153023, 1.3398113112062482, 1.3315699167508852, 1.339532215952554, 1.3377847284419568, 1.3375629166565652, 1.3402768621439647, 1.3302240229665059, 1.342049523475616, 1.341701077822743, 1.3344647183133242, 1.338776658120053, 1.3372101833906083, 1.3334042586495598, 1.3402668063188667, 1.3385997038653978, 1.3323381685018743, 1.3342536277966117, 1.335781321282562, 1.3392401139667194]
1.337082143336896
==================================================================================================================================
density = 0.1
mae
[0.4666575624065664, 0.46969224661788284, 0.46751063237031826, 0.46972982504281124, 0.46848768090085197, 0.46695519723822726, 0.466885516724487, 0.4672632449424547, 0.46638384232602953, 0.46726174304404655, 0.4668481307811822, 0.4698257772310384, 0.4689681299195177, 0.4689064420649429, 0.46789969953349825, 0.46691000899831797, 0.46262544934658484, 0.4621839507326435, 0.4645927693929755, 0.46906794677562985]
0.4672327898195003
nmae
[0.5135776354238769, 0.5167114095087453, 0.5146323742144793, 0.5174066364825809, 0.5161699499756162, 0.51388765542629, 0.5139600909266001, 0.5144705082185611, 0.5129604021024887, 0.5141049272804106, 0.513732083331232, 0.5168660293704713, 0.516431173865195, 0.5159678550721325, 0.515028916306537, 0.5136837964503438, 0.5092483817492768, 0.5088635545751949, 0.5110606444270104, 0.5165105118796086]
0.5142637268293326
rmse
[1.2328961230538047, 1.2365179374202921, 1.2339724993724381, 1.2344848200519032, 1.2375068836441383, 1.2316188160614907, 1.233520176943323, 1.2278907945324964, 1.2320420683679896, 1.2381279834513252, 1.2349883686082987, 1.2346022999362818, 1.240478168899243, 1.2338716036229356, 1.2309837220759978, 1.2353382175537404, 1.2257444082903446, 1.2264460574147733, 1.2363390859327086, 1.2334102646378229]
1.2335390149935674
==================================================================================================================================
density = 0.15000000000000002
mae
[0.4389187285636897, 0.43656153975061446, 0.43651493637298616, 0.4387327711166961, 0.43775635295256937, 0.436906738781177, 0.4372976817724988, 0.438340841856096, 0.4377804226488662, 0.4356002529509478, 0.43694998174365357, 0.43960881050421957, 0.43689922647921925, 0.4372474332649536, 0.4390080610672759, 0.43838356257755356, 0.4326351923852142, 0.4363734554599535, 0.43820529457304996, 0.4378567440236353]
0.4373789014422435
nmae
[0.48318567760352554, 0.4801897607050917, 0.48094312417828666, 0.4835086740659383, 0.48236158255639855, 0.4810939573722951, 0.4810397986555143, 0.4829092373314419, 0.4815334865299057, 0.4794791570487318, 0.4807936363244479, 0.48380368193734136, 0.4815324515484969, 0.48119306388602096, 0.4832297487365998, 0.48253445882519447, 0.4764090672418826, 0.480651672675306, 0.4823797439182621, 0.48258346810321795]
0.481567772462195
rmse
[1.173514031962516, 1.1698260089015498, 1.1666708420522909, 1.16999528987728, 1.172083471974193, 1.1671734464632582, 1.1694696398196356, 1.1690512411322507, 1.1766350115647048, 1.1716551935256234, 1.1779119092337043, 1.1703968235412223, 1.1772368414991246, 1.1720300708221845, 1.1737699892917164, 1.1719763376019714, 1.1653199511971548, 1.1686909445351488, 1.1724479752605546, 1.172275892156393]
1.171406545620624
==================================================================================================================================
density = 0.2
mae
[0.41814251051389684, 0.4178372756177416, 0.4168916667280344, 0.4199442691816447, 0.41895858558156734, 0.41931690682124984, 0.41957361987348146, 0.4172765172130983, 0.42083463404721355, 0.41817484480044964, 0.4184550711492596, 0.4216741240309715, 0.4172353360984616, 0.41839639243537746, 0.4186975262231652, 0.42038822165943746, 0.41270733095081447, 0.4176300105275761, 0.4181917748840453, 0.4196321353426877]
0.4184979376840087
nmae
[0.46045654274189013, 0.46000788731752457, 0.4595316079309504, 0.4627402874679559, 0.461473950552236, 0.4614902577955575, 0.4612611126257939, 0.4597795627278602, 0.4625687740668698, 0.46012191041119105, 0.4604629217676897, 0.4642134122762757, 0.45997587763870573, 0.4603371144881824, 0.4609420274444079, 0.46271337518702044, 0.45429834043931666, 0.4600452943230614, 0.4601917957746386, 0.4625788884702849]
0.4607595470723706
rmse
[1.134329925378241, 1.13262293440039, 1.128326872981455, 1.1344245661146424, 1.1369862843430893, 1.1348674330388366, 1.1366798387669361, 1.1316473147631223, 1.142615130236688, 1.1367827291707169, 1.1410045912704594, 1.136549018309306, 1.1383831549141474, 1.1354462927092464, 1.1376009215367684, 1.1365352433811988, 1.1319111281994596, 1.1327378622936493, 1.1415359349211271, 1.1370060489554579]
1.1358996612842467
++++++++++++++++++++++++u:  0.9
==================================================================================================================================
density = 0.05
mae
[0.5121129995763453, 0.5159526389896518, 0.5121847243484491, 0.5143292538416867, 0.5126325515062994, 0.5140457441296549, 0.515594564408264, 0.5103740962418746, 0.5159021609740483, 0.5151976564095425, 0.5114627268614695, 0.5169227275079727, 0.5111916800305364, 0.5142235405316199, 0.5138063251160262, 0.512676743875625, 0.5124924443770704, 0.510795952435952, 0.5112126218586299, 0.5166091866304177]
0.5134860169825568
nmae
[0.5634953698149728, 0.567751901895636, 0.5641786270223605, 0.5664642511456154, 0.5646758113484696, 0.5657117373399163, 0.5675768057695165, 0.5616903769008188, 0.5676154955986003, 0.5670859205422567, 0.5630091605036536, 0.5689610072586766, 0.5628453725437574, 0.5661632461552012, 0.5652128210006032, 0.5642791246758717, 0.5641200204292616, 0.5621779717201405, 0.5625881953143856, 0.5687179147480577]
0.5652160565863885
rmse
[1.3405057896632178, 1.3433044627403399, 1.335128814796606, 1.3430635776087358, 1.3407833690394313, 1.340902178680628, 1.343865978904737, 1.3340371559647335, 1.3454768389308436, 1.3452568569370245, 1.3374215387586077, 1.3423839925184844, 1.3406625769161498, 1.3369007698437416, 1.3438303740079245, 1.3425843840418823, 1.335912519649487, 1.3378162622161562, 1.3391454031835794, 1.3432857285060085]
1.3406134286454159
==================================================================================================================================
density = 0.1
mae
[0.46825872317133665, 0.47083815523243466, 0.4688536746775231, 0.47168645155421923, 0.4698666243069696, 0.46826354795406255, 0.46861837454778, 0.4689895650021436, 0.4680158465212692, 0.46887406963358935, 0.46828628459904925, 0.47102983945167043, 0.4702926568248911, 0.4702439834708793, 0.46941587179414657, 0.4682731981212914, 0.46404976133020165, 0.4635366892200636, 0.46580844166878516, 0.4706378181380185]
0.46869197886101627
nmae
[0.5153397848579576, 0.5179720308190966, 0.5161107856202756, 0.5195618573950022, 0.5176892410433904, 0.5153275050859841, 0.5158676672649514, 0.5163712371290181, 0.5147553903766277, 0.5158788902816809, 0.5153146659920371, 0.5181906456202668, 0.5178897526915971, 0.5174396377314878, 0.5166978050814481, 0.5151835461889949, 0.5108162344771962, 0.5103529167956444, 0.5123979064285243, 0.518239163488712]
0.5158698332184948
rmse
[1.2364730475608288, 1.239340360322816, 1.236964895539084, 1.2379164053084168, 1.2407046281669005, 1.2349057732638824, 1.237149462897848, 1.231818862131971, 1.2353112804839546, 1.2417480841076838, 1.2381326157565957, 1.2379413498637386, 1.2437045282502153, 1.237188351559236, 1.2343047888196486, 1.2386678322469804, 1.228670799641377, 1.2293948685441323, 1.2394270488692942, 1.2368933734173426]
1.2368329178375974
==================================================================================================================================
density = 0.15000000000000002
mae
[0.4396905280494427, 0.4373426285100166, 0.4371462518095026, 0.4394678426295496, 0.43854568972016617, 0.43785694078858267, 0.43820145009196665, 0.4391337144886844, 0.43877546075339685, 0.43682145776812886, 0.43770691980805815, 0.4403454087519785, 0.4376841821796794, 0.43804747790517257, 0.44061735241951594, 0.4391168200395473, 0.4335151332402202, 0.4369464119141854, 0.43932414066608894, 0.4388512491538998]
0.43825685303438916
nmae
[0.4840353165759111, 0.4810489083631309, 0.48163869446255475, 0.4843187650277299, 0.4832313488769097, 0.48214025948546724, 0.482033969328146, 0.48378272545242773, 0.4826279716711224, 0.48082337632399413, 0.4816265257160556, 0.48461433207869226, 0.482397597604821, 0.48207351715431784, 0.48500114549386286, 0.4833415647999767, 0.47737804019956137, 0.48128276623668315, 0.48361137826528644, 0.48367956115502114]
0.48253438821358363
rmse
[1.1752251530093194, 1.1716571188723743, 1.1683678475019124, 1.1716401906368934, 1.1738969779757509, 1.1691201617898883, 1.1714863495101508, 1.1709278895504023, 1.1786092962249797, 1.173594575613549, 1.1797100577965869, 1.1732706973163767, 1.1789993394376672, 1.1738772168700606, 1.1753739094753073, 1.1740812040263209, 1.167197580041625, 1.1705469956339392, 1.1743634529898297, 1.1742168596885678]
1.173308143698075
==================================================================================================================================
density = 0.2
mae
[0.41796343399964614, 0.4182419865842338, 0.4170011691360811, 0.42034669819510123, 0.4193535726071602, 0.41953361325616373, 0.4214374333504572, 0.4178974519698768, 0.42120632996242774, 0.418698115450124, 0.41876329429719417, 0.42197928938386997, 0.41758191123222427, 0.4189257847124369, 0.419127441454401, 0.4214124844753969, 0.4130343499990855, 0.4179001601579449, 0.4186886130934956, 0.42008391434772546]
0.41895885238325226
nmae
[0.4602593445365778, 0.46045344411088407, 0.4596523103139866, 0.4631837275409333, 0.46190902034049247, 0.4617287597659944, 0.4633101086479366, 0.46046374479700924, 0.4629773310389345, 0.46069767027332514, 0.46080208680843016, 0.46454936329082525, 0.46035795506007404, 0.4609195738918961, 0.46141531898759564, 0.4638407619220254, 0.4546583151714817, 0.46034288085439634, 0.4607385326584039, 0.4630769042616969]
0.461266857713645
rmse
[1.1347269735531675, 1.1335963966535811, 1.1293265394598573, 1.1354018226263465, 1.137942757898874, 1.1357026957448435, 1.1387232492059243, 1.1326616741519206, 1.1435668534849501, 1.137816038347398, 1.1418831062212236, 1.1376902970090488, 1.1392158926763625, 1.1364594609268859, 1.1384856847363491, 1.1376831130692935, 1.1328047916746455, 1.1335828134601067, 1.142693316830524, 1.1378657417763405]
1.136891460975382
