Parameter setting:
----------------------------------------------------------------------------------------------------------------------------------
currentDate:2019-06-10 12:33:04
dataPath:..\DataSet\rtData.txt
program path:C:\Users\hp\PycharmProjects\test\ourNMF0407
outPath:C:\Users\hp\Desktop\ZhaoZhuangData\实验数据201906\rt\2019-06-10ourNMF参数topK分析_rt.txt
parallelMode:True
threadNum:7
metrics:['MAE', 'NMAE', 'RMSE']
density:[0.05 0.1  0.15 0.2 ]
rounds:20
topK:[ 5 10 15 20 25 30 35 40 45 50]
u:0.1
dimension:10
lambda:30
weight:0.1
maxIter:300
numUser:339
numService:5825
method:mainOurNMF.py
saveData:True
----------------------------------------------------------------------------------------------------------------------------------
数据集： (339, 5825)
算法创新点：
1.改进PCC，在PCC前面加上一个min(sigma_u1,sigma_u2)/max(sigma_u1,sigma_u2)
2.利用局部平均值
3.利用以上两点改进的UIPCC对稀疏矩阵进行填充，在利用NMF进行矩阵分解时，原来的真实调用的数据权重为1，填充的数据权重为一个小于1的参数weight
++++++++++++++++++++++++topK:  5
==================================================================================================================================
density = 0.05
mae
[0.5044701200629697, 0.5098085183751746, 0.5053351314968643, 0.5084867834871554, 0.5078367498296871, 0.5085857274812033, 0.509703585745214, 0.5040440792171131, 0.5098926015083961, 0.5082967990615966, 0.506636491011024, 0.5116242887732999, 0.5049682705875101, 0.5076457472517116, 0.5069476749962707, 0.5046305549378147, 0.5065889596138385, 0.5035257985789953, 0.5050016641186466, 0.5108384271495746]
0.507243398664203
nmae
[0.5550856492622751, 0.5609909399376226, 0.5566337048351844, 0.5600295586417378, 0.5593931323713931, 0.5597029423262934, 0.5610918986676202, 0.5547238994196775, 0.5610035460227639, 0.5594900415761851, 0.5576965250918303, 0.5631291780916541, 0.5559931146857202, 0.5589210557412022, 0.5576679606262828, 0.5554230638050752, 0.5576218291256101, 0.5541764980790396, 0.5557530520555843, 0.5623650770839348]
0.5583446333723343
rmse
[1.3205954635341854, 1.3259316326495914, 1.3167710926760583, 1.3245330386267928, 1.3261086496416095, 1.3240734771942744, 1.3255695151023115, 1.314719581141617, 1.3282277223501306, 1.3261644379123236, 1.3240850408725704, 1.323512753156728, 1.3232104267099867, 1.3192095976613456, 1.3251996550191325, 1.3214612749090984, 1.318966031016122, 1.3197853898535437, 1.3209782387881321, 1.322537995210005]
1.3225820507012778
==================================================================================================================================
density = 0.1
mae
[0.4580040762134812, 0.4598068160142056, 0.46034361612619684, 0.4624648793576858, 0.46129821766023943, 0.46020845719863296, 0.45808134434157044, 0.4586137196795012, 0.45845825932590833, 0.45861409857579827, 0.4587903550771581, 0.46132749812374774, 0.46161101146166955, 0.4606434760697181, 0.4599933795417796, 0.45987671983576195, 0.4553753134421934, 0.45551849618230683, 0.45812624763083876, 0.4613773829576732]
0.45942666824080336
nmae
[0.5040540846765178, 0.5058363848141552, 0.5067429737808559, 0.5094043106544801, 0.5082487494135807, 0.50646281800886, 0.5042682219857876, 0.5049471277557366, 0.5042433114280721, 0.5045903528546662, 0.504865092919345, 0.5075168791289609, 0.5083294605950335, 0.5068755832272095, 0.5063262319035178, 0.5059459313180333, 0.5012675843634251, 0.5015249031789984, 0.5039473508144627, 0.5080421075011794]
0.5056719730161439
rmse
[1.216297039820863, 1.2166819646790596, 1.2217182644122417, 1.2193997523765407, 1.2235543804810967, 1.2170664616520557, 1.2186994307533439, 1.211733908544853, 1.2190253627928735, 1.221806089501657, 1.2211093654647953, 1.2201705677733277, 1.2259419794652406, 1.21860896832294, 1.2163249021068918, 1.2198669006259624, 1.2125164296099653, 1.214563861246181, 1.222052569352045, 1.2189456229353701]
1.2188041910958651
==================================================================================================================================
density = 0.15000000000000002
mae
[0.43610964842874167, 0.43267792828065277, 0.4342635712238912, 0.4347397927579368, 0.43355408231833376, 0.42978969647415427, 0.4332893661932499, 0.434361578233861, 0.43244987232002313, 0.43043988922517196, 0.43350996065811026, 0.43610516624615153, 0.43305296283304195, 0.43351543248273866, 0.4345211364196185, 0.4342473145635122, 0.4276532539239546, 0.4322156614289354, 0.43263873882395293, 0.43236118617098424]
0.4330748119503508
nmae
[0.480093288967276, 0.47591803657772636, 0.47846261664406875, 0.4791081829266425, 0.47773112111411814, 0.473257122312659, 0.47663053832883195, 0.47852538125994876, 0.47567018531273425, 0.4737989793341002, 0.4770084427877619, 0.4799478083703222, 0.4772932571288343, 0.4770859777050694, 0.4782908520229121, 0.4779816371242915, 0.47092305801942463, 0.47607199297516983, 0.476252036722546, 0.4765265433124214]
0.4768288529473429
rmse
[1.1659708376154123, 1.1614884874721974, 1.1581044514991492, 1.1628459020602602, 1.162885150001791, 1.1575717291097003, 1.160938893952988, 1.1609566439151746, 1.168172413294569, 1.163099743971372, 1.169935218115254, 1.1636379869704208, 1.170405204205169, 1.1642985493181146, 1.167470263992802, 1.164257882034512, 1.157428931230841, 1.1612372540629923, 1.163972058271931, 1.1640317347781577]
1.1634354667936402
==================================================================================================================================
density = 0.2
mae
[0.4164584124357269, 0.41717351181149365, 0.41701476319312863, 0.41777440171085756, 0.4173404947315404, 0.4155627472572467, 0.41572551257453266, 0.41477238423355073, 0.41869547169017657, 0.4159208409011826, 0.41679343121482965, 0.41847364531826037, 0.4160373007782472, 0.41679098825546, 0.4167033903536207, 0.4171268486169463, 0.41151207338911977, 0.41673841938365797, 0.41590942708858686, 0.41755045807711894]
0.4165037261507642
nmae
[0.4586020219524125, 0.4592771325380748, 0.45966729477971696, 0.4603492913980344, 0.45969165797580425, 0.45735851868174204, 0.4570306696948208, 0.4570203632070283, 0.4602174711346269, 0.4576418076668475, 0.4586344731912819, 0.46069006317924627, 0.4586551185845691, 0.45857078203137325, 0.4587466931681372, 0.4591236434807464, 0.4529826295566811, 0.45906315151751564, 0.45768022621814614, 0.4602841644142393]
0.4585643587185523
rmse
[1.1299166820575395, 1.1296496722815883, 1.126153520979581, 1.1306070156214405, 1.1333184879890463, 1.1313810941873, 1.1311431964581276, 1.128484233944069, 1.1384944628307483, 1.1330313412891442, 1.1375262768448346, 1.1317700538844504, 1.1360785378895146, 1.1321513435841233, 1.134371921333833, 1.1323379997436684, 1.1290369295595184, 1.1295956407972694, 1.1365635942209062, 1.1337531001518042]
1.1322682552824253
++++++++++++++++++++++++topK:  10
==================================================================================================================================
density = 0.05
mae
[0.5074833057752823, 0.5124611254408052, 0.5081606848819019, 0.5117523471839485, 0.5109765064301666, 0.5113903635133196, 0.5123790035850976, 0.5071461485942577, 0.5127345649584247, 0.5106639615453653, 0.5089914874860192, 0.5140634365887742, 0.5080825966921042, 0.5098103396278139, 0.5102909338203478, 0.5073120389586095, 0.5090464393491018, 0.5073532085693477, 0.50782171290998, 0.5136280282747729]
0.5100774117092721
nmae
[0.558401160094231, 0.5639098565060943, 0.5597460913503755, 0.5636261362819465, 0.5628516419814499, 0.5627894682638263, 0.5640370521205134, 0.5581378707212207, 0.5641303840439799, 0.5620956134367721, 0.5602888637291191, 0.5658138733547844, 0.5594221298771613, 0.5613042851145402, 0.5613457136217623, 0.5583744468630388, 0.5603268709924151, 0.5583889151411884, 0.5588565086064939, 0.5654360564160089]
0.5614641469258462
rmse
[1.3181200205680792, 1.3242844619487064, 1.3152498195786015, 1.3227413636072076, 1.3249010244603372, 1.321561246051282, 1.3235765806108282, 1.3133133140871733, 1.3262288573195697, 1.3238119740375338, 1.3217774375379425, 1.3210800411424641, 1.3219056271726395, 1.3164416636696408, 1.3236418752960037, 1.3203017797163976, 1.3166943329680592, 1.3178033784019596, 1.320468656613104, 1.3201847209607704]
1.3207044087874151
==================================================================================================================================
density = 0.1
mae
[0.4589923928118731, 0.4613425964990411, 0.4610612936303793, 0.4627836273952363, 0.46172780996834184, 0.4600624137475117, 0.4595918613553893, 0.460181685965748, 0.4597821763438708, 0.4589839284987838, 0.4597873188653223, 0.4629459961151178, 0.4628606590965992, 0.4616216605901551, 0.4609309485347963, 0.460669464641218, 0.45638017942891074, 0.45684779723226876, 0.4595480843873018, 0.46242768235221465]
0.46042647887300403
nmae
[0.5051417715427386, 0.5075259066334519, 0.5075329880657186, 0.509755411098186, 0.5087220652535122, 0.5063020961084915, 0.5059310396015816, 0.5066735045270453, 0.505699444647648, 0.5049972583813715, 0.505962178352765, 0.509297425601472, 0.5097055818149026, 0.5079519424400452, 0.5073582375725051, 0.5068180911634745, 0.5023737197442899, 0.5029884608302582, 0.5055113975601265, 0.509198636489422]
0.5067723578714503
rmse
[1.2191271154533339, 1.220510587145791, 1.2239190371832005, 1.2220948158564677, 1.226317476317241, 1.2186975162851736, 1.2217625769851854, 1.2144286515974305, 1.2220650509091393, 1.2238635864826057, 1.2241251307238856, 1.2226398631568345, 1.2289564380545546, 1.2211513613843379, 1.2184521299904068, 1.2230320351385031, 1.2156603382802647, 1.2168822109858224, 1.2255145506589982, 1.2207830699016538]
1.2214991771245418
==================================================================================================================================
density = 0.15000000000000002
mae
[0.4356604328515021, 0.43304910941437946, 0.4339860610361693, 0.4353344036556081, 0.43399169670068544, 0.43295538844133896, 0.4334088055651506, 0.4343181122165147, 0.4325880227951005, 0.43109968922789604, 0.43195829095204397, 0.436257324040968, 0.434126727744436, 0.4338786646259193, 0.43519111381504344, 0.4364704364402285, 0.4282032222501147, 0.4325653315625555, 0.4348351889086917, 0.43348117376046025]
0.4336679598002403
nmae
[0.4795987679569995, 0.47632631207511505, 0.4781568616617004, 0.47976347823541654, 0.4782133262599643, 0.4767429812869637, 0.47676192501073195, 0.4784774958263267, 0.47582214295288466, 0.4745252423401103, 0.4753010782116677, 0.480115262933581, 0.47847671688072496, 0.47748571655904926, 0.47902831686049013, 0.4804286561351696, 0.47152867194517584, 0.4764571436586181, 0.47866990579562024, 0.47776093675854064]
0.47748204696724245
rmse
[1.1678055969214836, 1.1642838432428417, 1.1624601158911878, 1.1652192529031802, 1.1656033005991944, 1.1618839853285445, 1.1633635648610663, 1.1634195596415535, 1.1707083717915077, 1.1654178297946651, 1.1701220176774556, 1.16580477336973, 1.1726072830699446, 1.1667734151475515, 1.1696211216391343, 1.1679656672501586, 1.1601067852920037, 1.1630593667046523, 1.1673958111745268, 1.1661876329435041]
1.1659904647621944
==================================================================================================================================
density = 0.2
mae
[0.4165153710663457, 0.41657332642248673, 0.41605288101465837, 0.4177080265851687, 0.41684733328342083, 0.41851793779807944, 0.4158229468545608, 0.414626094195323, 0.41790412668737076, 0.41526338218725445, 0.4168205204118371, 0.4182478777685949, 0.4158569026960276, 0.41698222818754843, 0.416630358243686, 0.4172960838355436, 0.4115198886057218, 0.41636171605003414, 0.41620560986121535, 0.41746629799812074]
0.41646094548764995
nmae
[0.45866474452539796, 0.45861637288615587, 0.45860703068861214, 0.46027615206266054, 0.45914845115404196, 0.46061093140905734, 0.45713778473324296, 0.45685917232512335, 0.4593476485055066, 0.4569183993527643, 0.45866428181749386, 0.46044151976944536, 0.4584562409751863, 0.458781192159434, 0.45866629248097407, 0.45930991748930106, 0.45299123235984506, 0.4586481894898335, 0.45800615534970596, 0.460191391071786]
0.45851715503027846
rmse
[1.1318436453145624, 1.1312518997634722, 1.1271109098215861, 1.1320063649943513, 1.1348855734338326, 1.1342826960136918, 1.1330769047814166, 1.1296957582174176, 1.1394351987905595, 1.1338744954550566, 1.1394468717523254, 1.1332865446893414, 1.137726694196141, 1.1340292380618728, 1.1359399828442416, 1.133978146955232, 1.1310247079120268, 1.1312004452914155, 1.1389484136750494, 1.1355063930680869]
1.133927544251584
++++++++++++++++++++++++topK:  15
==================================================================================================================================
density = 0.05
mae
[0.5083288177976841, 0.5133255291211103, 0.5087292369646728, 0.5123177086977545, 0.5114785257586231, 0.5121145299900239, 0.513141773960883, 0.5079148111280435, 0.5130320277595141, 0.5111045411236786, 0.5098893780329395, 0.5146323173053295, 0.5086404660305786, 0.5103697799160953, 0.5109949877883875, 0.5081963245453901, 0.5097785617723809, 0.5085261621902983, 0.5082908817589246, 0.5140812637238121]
0.5107443812683061
nmae
[0.5593315057604032, 0.5648610423251257, 0.5603723594099245, 0.5642488056793268, 0.5634046270987153, 0.5635864196642378, 0.5648767250017058, 0.5589838195095523, 0.564457664113797, 0.5625805661003402, 0.5612772458271614, 0.5664400229285548, 0.5600363694822065, 0.5619202322750222, 0.562120208426439, 0.5593477383236577, 0.5611327461246406, 0.5596798585881815, 0.5593728277362247, 0.5659350082855037]
0.562198289633036
rmse
[1.3162073413442572, 1.3230600389713738, 1.3135601049988679, 1.3204684584577975, 1.3232906214998559, 1.3195512663720992, 1.321716973954373, 1.312107649225559, 1.3241576120756393, 1.3221523562079671, 1.3201442247767552, 1.3188506174302101, 1.3202944763886115, 1.3143853096877667, 1.3221135955920167, 1.3189943206722543, 1.3148336807345824, 1.3156719033010833, 1.319059773693159, 1.3177821688628273]
1.318920124712353
==================================================================================================================================
density = 0.1
mae
[0.46009057150207955, 0.46258256890659055, 0.46203042970760616, 0.464033576831428, 0.4625546557122509, 0.46100437689342905, 0.4607310163322024, 0.4608151922424358, 0.4616014526433403, 0.46022920440082704, 0.4608642001201901, 0.4640164896635735, 0.4634524146737331, 0.4626935549390751, 0.46174712245347743, 0.4614134248205528, 0.45781585528881436, 0.45807512875613937, 0.4601965335764425, 0.4634078981051879]
0.4614677833784689
nmae
[0.5063503665820659, 0.5088900081170731, 0.5085998061567456, 0.5111322283643545, 0.5096330666387576, 0.5073387335319882, 0.5071850519332767, 0.5073710134787013, 0.5077004074114031, 0.5063673737109368, 0.5071472070892791, 0.5104750999153803, 0.510357227433962, 0.5091314165919478, 0.5082566206432253, 0.5076365792703122, 0.5039540815886394, 0.504339750248441, 0.5062247036688579, 0.5102779934222521]
0.50791843678988
rmse
[1.2209534043425927, 1.2232985383152655, 1.2259509269767812, 1.2242140166956206, 1.2284619764295313, 1.2206051806496847, 1.2235783207766884, 1.215590393216457, 1.2249719938456238, 1.2260049955767265, 1.225934664172326, 1.2244358714202124, 1.2305020586563378, 1.2232326445371655, 1.2202660380228492, 1.2246393032540737, 1.217649256881867, 1.2184779565600201, 1.2273377743275775, 1.2225681079290367]
1.2234336711293214
==================================================================================================================================
density = 0.15000000000000002
mae
[0.4359660352027249, 0.43361572754578975, 0.4341099635030216, 0.43631305599120074, 0.4350323659632086, 0.43408827572365777, 0.4344470694647062, 0.4350627552147466, 0.433400969643516, 0.43222611860437465, 0.432915088009172, 0.4372876028270963, 0.43520410903146045, 0.4349712710135171, 0.43560701893048565, 0.4373337925263646, 0.4293409385143512, 0.4335457894193525, 0.4370609957076363, 0.43471721645152656]
0.4346123079643955
nmae
[0.4799351916945695, 0.47694955576508485, 0.47829337483578893, 0.4808420092326556, 0.47936003462639404, 0.4779904448244407, 0.4779040446194367, 0.47929785055493856, 0.47671633810193315, 0.4757651392507526, 0.4763538804900553, 0.4812491179843455, 0.4796641624538703, 0.478688135544894, 0.47948611648253986, 0.4813789633486693, 0.4727815019362881, 0.4775370872320887, 0.48112009096449754, 0.4791232402441442]
0.47852181400936933
rmse
[1.1689936145689244, 1.1662618237599258, 1.1639177549490114, 1.1666523404338984, 1.167937855995035, 1.1635628496570813, 1.1654198534617377, 1.1649817260259663, 1.1723888202543384, 1.1671270124274353, 1.1717815116849057, 1.1675002245282495, 1.1740334973778854, 1.1686175875244942, 1.1708212628881338, 1.1699128543328943, 1.1621230580259643, 1.1646341806740317, 1.170824434758927, 1.1676986587558291]
1.1677595461042336
==================================================================================================================================
density = 0.2
mae
[0.41718623994113957, 0.4173447281070552, 0.41552590336829986, 0.4183492484813597, 0.4173901209008197, 0.4198111989642223, 0.4164681808168706, 0.4158835923030121, 0.41818562593393005, 0.41639714954764456, 0.4174167984799943, 0.4186831517532059, 0.41659713734019654, 0.417597856365152, 0.41717979854074083, 0.418336425029754, 0.412230649780156, 0.41712392226915135, 0.4172136892434427, 0.4182285018755603]
0.41715749595208534
nmae
[0.4594035021378232, 0.4594656289958864, 0.4580261534379935, 0.46098272011549385, 0.4597463201433221, 0.4620342640227711, 0.45784712707809466, 0.45824475695841616, 0.45965706401185263, 0.45816589477318703, 0.4593204190240417, 0.4609207050221229, 0.45927230340003766, 0.45945853188797725, 0.4592711685755826, 0.46045500139155454, 0.4537736212290959, 0.4594878067959885, 0.45911547860533247, 0.46103160180094244]
0.4592840034703758
rmse
[1.1330818003077978, 1.132910790838744, 1.1280480996502789, 1.1330504938866734, 1.1362000600848705, 1.1356873042141846, 1.1346500877086285, 1.1306856106477408, 1.140060146078622, 1.1352577975856377, 1.1405039467620182, 1.1344909070812021, 1.138937597124014, 1.1348959643677796, 1.1371526797512161, 1.1351931113079476, 1.1321445037340512, 1.132282501030125, 1.1407872088965338, 1.1365841750516268]
1.1351302393054845
++++++++++++++++++++++++topK:  20
==================================================================================================================================
density = 0.05
mae
[0.5081569304255003, 0.5131268451666746, 0.5085012599872732, 0.5119793658733172, 0.511104809545946, 0.5118501312574231, 0.5129661156817764, 0.5078975724916884, 0.5125368628340351, 0.5106148112229302, 0.5098604400191177, 0.5143201229011691, 0.508179483118526, 0.510228567673792, 0.5105909502001694, 0.5079900785559754, 0.5097219938110892, 0.5081753756979116, 0.5081028799710657, 0.5137496836207948]
0.5104827140028088
nmae
[0.5591423722323823, 0.5646424114189482, 0.560121239585401, 0.5638761667262752, 0.5629929706305736, 0.5632954465979724, 0.5646833568557932, 0.5589648475902821, 0.5639128645261231, 0.5620415129270039, 0.5612453913712787, 0.5660964001137717, 0.5595288062549353, 0.5617647567372499, 0.5616757467414345, 0.5591207330854348, 0.5610704796076809, 0.5592937857584022, 0.5591659322449459, 0.5655699827504567]
0.5619102601878174
rmse
[1.3143655521736597, 1.3212868579789194, 1.3118491895377737, 1.318313294133509, 1.3214717939927216, 1.3176384131270782, 1.3196107883998283, 1.3104622608067609, 1.322008297102197, 1.3201323593258465, 1.318613243133561, 1.3162825421456592, 1.3182794312438666, 1.3126567807059921, 1.320538083644009, 1.3172579461139917, 1.312856461312428, 1.3135753154156908, 1.3172122550888687, 1.3156517004331247]
1.3170031282907744
==================================================================================================================================
density = 0.1
mae
[0.46090497147051956, 0.46399397182883734, 0.46293884589879697, 0.4651338173429051, 0.4634119262917819, 0.4617671536898472, 0.4618072505820661, 0.4614987757312644, 0.46287499930586035, 0.461317128226222, 0.4618054560256285, 0.4648583454299882, 0.4637922767004672, 0.463379884485907, 0.4626055533802949, 0.4618505400855387, 0.4584997502445208, 0.4590280647135354, 0.46095039083915895, 0.4642442521382736]
0.4623331677205707
nmae
[0.5072466503750976, 0.5104427013935542, 0.5095997842297086, 0.5123441414940207, 0.5105775894729572, 0.508178175049811, 0.5083697994422569, 0.5081236589065495, 0.5091011399171529, 0.5075643623526723, 0.5081829900888588, 0.5114012446021489, 0.5107314860119353, 0.5098866290445471, 0.5092015170609909, 0.5081174835655233, 0.5047068987974028, 0.5053889307268942, 0.5070539606092817, 0.5111989381440373]
0.5088709040642702
rmse
[1.2223416526653177, 1.2257761119376023, 1.227511702787824, 1.2257546841456761, 1.2300509495760923, 1.2219691734127822, 1.2251434211530328, 1.2169362245907704, 1.2270331273403627, 1.2277274134212206, 1.227381952519516, 1.2253913715958402, 1.2314394370780348, 1.2245082697005651, 1.2218965667305013, 1.2256041334861847, 1.2189890872732085, 1.2196276221582005, 1.2289784975032139, 1.223925480792412]
1.224899343993418
==================================================================================================================================
density = 0.15000000000000002
mae
[0.43714137313030366, 0.43411080821353076, 0.4346533638070679, 0.43686689742529533, 0.4360714660603888, 0.43499417273104496, 0.43489640766528503, 0.43565195167151566, 0.4342497589367613, 0.4331962341470197, 0.43383364048403317, 0.43775217427409646, 0.43630353523878534, 0.435607718386875, 0.4363506281583493, 0.4379322001196896, 0.43181121226082686, 0.43424126208625685, 0.4382947520490647, 0.4360874215807729]
0.43550234892134815
nmae
[0.48122906779506913, 0.47749411282228255, 0.47889208204631184, 0.48145237425453496, 0.48050501393721323, 0.47898796108493924, 0.47839832932878745, 0.47994695368293355, 0.47764995789523645, 0.4768329765154837, 0.4773646007166153, 0.4817603938532796, 0.4808759050361955, 0.47938854917408663, 0.48030463015507974, 0.48203763832841573, 0.4755017171016386, 0.47830312855853735, 0.4824782193928992, 0.48063341075609783]
0.4795018511217818
rmse
[1.1704990998961309, 1.1678916813813194, 1.1650270334050261, 1.1676131635327982, 1.1704514191116948, 1.1649056600073908, 1.1666027658422085, 1.166114689300054, 1.1738506450795168, 1.1685265159341296, 1.1730702292906854, 1.1685696812199546, 1.1754591802291685, 1.1698530079643346, 1.171806497704813, 1.1713318622337836, 1.1652008959603866, 1.1659256965754194, 1.1729914731241682, 1.1694967827322893]
1.1692593990262634
==================================================================================================================================
density = 0.2
mae
[0.4179931152992281, 0.4177893358100858, 0.41553742422932116, 0.41887130515117627, 0.4178267406635132, 0.4204436151812733, 0.4171229863577715, 0.4168564161406811, 0.4187482859984218, 0.41716086497056454, 0.41723253813006206, 0.41930577350582837, 0.41731962599430167, 0.4177231130795348, 0.4178582251276355, 0.4195031493154641, 0.41303525875811564, 0.417773315132227, 0.4184913697830319, 0.4189178521822566]
0.41777551554052483
nmae
[0.4602920294424315, 0.45995510914064813, 0.4580388526599075, 0.46155797895623535, 0.46022724750395766, 0.4627302863349966, 0.458566992002969, 0.4593166709057478, 0.4602755230339757, 0.45900621839325584, 0.4591176611536144, 0.461606138042246, 0.4600688019801042, 0.4595963445352939, 0.4600180450361536, 0.46173919277546766, 0.454659315511646, 0.46020315321098276, 0.46052147972073676, 0.4617915028470761]
0.45996442715937225
rmse
[1.134378303903951, 1.1338840178732168, 1.1289098003087907, 1.1339909513083788, 1.1371547735620398, 1.1366630540563072, 1.1358750101992794, 1.131777118942425, 1.140838933468963, 1.1362806687974634, 1.1409031887962076, 1.1354724583655238, 1.139900487173491, 1.1359912299193284, 1.138100284063055, 1.1364919093013777, 1.1332578561126259, 1.1332018028225255, 1.1426372069442312, 1.137528923670544]
1.1361618989794864
++++++++++++++++++++++++topK:  25
==================================================================================================================================
density = 0.05
mae
[0.5092023576379886, 0.5140987373468788, 0.5096986419849808, 0.5129361383706452, 0.5121612949598998, 0.5128276091505162, 0.5139092322147147, 0.5090500198734267, 0.5132381492527487, 0.5115336550045526, 0.5110256997052282, 0.515327104851668, 0.509136019512295, 0.5115717581047826, 0.5115808780292141, 0.5090436874279719, 0.5111118805443222, 0.50910917219463, 0.5090918952174192, 0.5147519886505981]
0.5115202960017242
nmae
[0.5602926913889026, 0.565711877087016, 0.5614401725784677, 0.5649299224910259, 0.5641567120990959, 0.5643711693783434, 0.5657215583927855, 0.560233169413379, 0.5646844469466408, 0.5630528982958102, 0.5625280887081336, 0.5672047542919856, 0.5605819964846166, 0.5632436175724191, 0.5627647171831959, 0.5602803907042815, 0.5626003810549086, 0.560321514772348, 0.5602543410181123, 0.5666733871057088]
0.5630523903483587
rmse
[1.313246687698761, 1.320276027811638, 1.310805408665792, 1.3170134054082987, 1.3204697964605687, 1.3165801600109481, 1.3184324710057929, 1.3094272823825386, 1.3207679661731333, 1.3189325869875963, 1.317844855111493, 1.314958645492829, 1.3170588394719966, 1.3119880520037184, 1.3197496495016878, 1.3161852612586662, 1.3122290385801478, 1.3122731569304817, 1.3159943921738628, 1.3144916768899058]
1.315936268000993
==================================================================================================================================
density = 0.1
mae
[0.46132190370751974, 0.46480774308253253, 0.46330925900563413, 0.46561503585755526, 0.46389540652127303, 0.4622525391310078, 0.4623977538982634, 0.4619284647121516, 0.46341274254930304, 0.4621529112385341, 0.46323485122674957, 0.4653874919103058, 0.4639655758007958, 0.4635868058794174, 0.46320710597211184, 0.46200492000119564, 0.45886310944611286, 0.4593880755330799, 0.4612617167857788, 0.46461216973209324]
0.46283027909957086
nmae
[0.5077055030535076, 0.5113379362937305, 0.5100075323394047, 0.5128742029033758, 0.511110277900091, 0.5087123453252707, 0.5090198413202196, 0.5085967590503457, 0.5096925862009876, 0.5084839329598607, 0.5097559345351541, 0.5119833706869478, 0.5109223242631995, 0.510114317935124, 0.509863661062737, 0.5082873288454317, 0.5051068769777338, 0.5057853018796107, 0.50739642491219, 0.5116040677335127]
0.5094180263089219
rmse
[1.2233342955593953, 1.227716685952729, 1.2284655970229186, 1.226906830614463, 1.231159609731866, 1.2231758343030672, 1.226225835399899, 1.218024013848648, 1.228023595094461, 1.2291034297883277, 1.2296448782719989, 1.2264287856936986, 1.232114528226745, 1.2257700317483984, 1.2231424269782394, 1.2263043236790143, 1.219992860687425, 1.2203549126835938, 1.2301625297047807, 1.2249997742610264]
1.2260525389625347
==================================================================================================================================
density = 0.15000000000000002
mae
[0.4376861407903609, 0.43477181432344986, 0.4348616976989873, 0.43722151181686664, 0.4366699330425351, 0.4356820215367067, 0.4352300590980488, 0.4360118829966691, 0.43504905541081446, 0.43395922740954557, 0.43477955638800164, 0.43816333938092467, 0.43757136936556984, 0.43641380696271753, 0.4369020149251019, 0.4384369203188274, 0.4325117790055951, 0.4346862016187743, 0.43908930693499726, 0.4366070205030969]
0.43611523297637955
nmae
[0.48182877775008204, 0.4782211772492771, 0.4791216200174165, 0.4818431796503502, 0.48116446177541994, 0.47974537651165655, 0.47876535532670095, 0.4803434810997847, 0.4785291384113341, 0.4776728276493419, 0.47840543002460906, 0.48221289432145603, 0.48227325993688314, 0.480275653824826, 0.4809115586203721, 0.48259319038131926, 0.47627316694041766, 0.4787932154963839, 0.4833528714958104, 0.48120608630210765]
0.4801766361392775
rmse
[1.171512774975179, 1.1690008109954917, 1.1659571845979186, 1.1685430873927853, 1.171897657276725, 1.1659413636222187, 1.1672873472610859, 1.166860018855376, 1.175107693777652, 1.1696565239259809, 1.1743696964601296, 1.1695600367213093, 1.17685067410516, 1.171202195606586, 1.172599749514581, 1.172277901803286, 1.1663760231958749, 1.1667783628678419, 1.1744780499765584, 1.1705626102150612]
1.17034098815734
==================================================================================================================================
density = 0.2
mae
[0.41866018772605323, 0.4183779673255213, 0.4159916577014497, 0.4192943681670844, 0.4182104044536444, 0.4207716259983295, 0.4176522727633133, 0.4175238401082174, 0.4191863943667779, 0.41766124241102937, 0.4176992414546022, 0.4198012539179405, 0.41790434112950403, 0.41808993406225664, 0.418387991256299, 0.4204269488671855, 0.4136378142945796, 0.418223382492444, 0.4190204507984975, 0.41959793354752745]
0.41830596264211295
nmae
[0.4610266064244199, 0.46060314883366893, 0.4585395454165211, 0.4620241558181792, 0.4606498449897447, 0.463091287272618, 0.45914886661270143, 0.4600520774941594, 0.46075707857732523, 0.45955678863127003, 0.45963121587246686, 0.4621516034614277, 0.4607134138674825, 0.45999993623869506, 0.46060126193647843, 0.4627560014930999, 0.45532259420748944, 0.46069893025280667, 0.4611036976342404, 0.46254118633296887]
0.4605484620683882
rmse
[1.1354285139082274, 1.1349212967208375, 1.1297753317135968, 1.1347358577449078, 1.1380295347277838, 1.1373334523104028, 1.1368176459297814, 1.1326127606858116, 1.1415226054987664, 1.1370970278229464, 1.1416705153156574, 1.1362950097485496, 1.140753361422583, 1.1367995038898897, 1.1387146722393218, 1.1374448991034083, 1.1341156496122407, 1.133903715909546, 1.1434845541851664, 1.1382804111410403]
1.1369868159815235
++++++++++++++++++++++++topK:  30
==================================================================================================================================
density = 0.05
mae
[0.5104814618599873, 0.515259537288291, 0.5109806901681438, 0.5140295559332517, 0.5133121396087323, 0.5140301936130627, 0.5150548698371039, 0.5103342215149776, 0.5142247056373992, 0.5126245251726589, 0.5121977083546241, 0.5164766975278811, 0.5103242179961209, 0.5128043774526605, 0.5128375469938238, 0.5101940555295028, 0.5123235834445651, 0.5102066820125435, 0.510234753858672, 0.5159599921460537]
0.5126945757975029
nmae
[0.5617001333152027, 0.5669892159833683, 0.5628523665572583, 0.566134174351415, 0.5654243922998674, 0.5656946238634244, 0.5669826991944371, 0.561646492913476, 0.5657698944085241, 0.5642536357327462, 0.5638182151848928, 0.5684700757262908, 0.5618902572494338, 0.5646007389724755, 0.5641471163009772, 0.5615465466458983, 0.563934148747172, 0.561529425368419, 0.5615120540576384, 0.56800323807763]
0.5643449722475273
rmse
[1.312876069924382, 1.3199346523419322, 1.3103545008625228, 1.3164468624814365, 1.3201096157277012, 1.3162047994433321, 1.3179373700614978, 1.3090382687864928, 1.320189759236608, 1.3183928638926123, 1.3175848774085284, 1.314424302163645, 1.3165083582803256, 1.3116140445088489, 1.319652053233008, 1.315712611947135, 1.3119378056376951, 1.3116474597667247, 1.3154645397263929, 1.3141465408393986]
1.315508867813511
==================================================================================================================================
density = 0.1
mae
[0.4613419381928099, 0.4644387336272097, 0.4631172198500649, 0.46552085764840506, 0.4637526833554925, 0.46215033855442433, 0.4623538927857913, 0.46173510925666184, 0.46334604163723886, 0.46217076502004995, 0.4632034938083202, 0.46521931658655447, 0.4636168298422159, 0.46326847900553353, 0.4630905972040987, 0.4616963157877801, 0.4588102647538755, 0.45928774907940034, 0.4612102149939134, 0.46438239034881457]
0.4626856615669328
nmae
[0.5077275519056235, 0.5109319866593585, 0.5097961370047752, 0.5127704657595359, 0.5109530284945151, 0.508599872833275, 0.5089715578319837, 0.508383869034858, 0.5096192240396776, 0.5085035765904051, 0.5097214279990121, 0.5117983571861183, 0.5105382826337586, 0.5097640424439057, 0.5097354169442008, 0.5079478094928953, 0.5050487066500012, 0.5056748426657925, 0.5073397719880081, 0.5113510479573962]
0.5092588488057548
rmse
[1.2241015305272855, 1.228478388201198, 1.2290006872055332, 1.227561941682913, 1.2318267182970553, 1.2240331189747347, 1.2268125173600761, 1.2186674796643537, 1.2287709466391203, 1.2299000857502695, 1.2303745409750941, 1.2271356653867023, 1.2325936060697267, 1.2263010706406476, 1.2237748471355432, 1.2266955901323724, 1.2206905458767554, 1.2207173992647402, 1.2310570989469054, 1.2255974394311158]
1.226704560908107
==================================================================================================================================
density = 0.15000000000000002
mae
[0.43757771465172807, 0.4352382094920937, 0.43518179375060656, 0.43753780192769476, 0.4370923312221167, 0.4362816348946554, 0.4357786342290257, 0.4364598430921219, 0.43566194401645597, 0.4345231545195276, 0.43561194364191574, 0.43871694498303243, 0.4381701455098447, 0.436957776579248, 0.4374044570270018, 0.43877705598534544, 0.4331137742552533, 0.4351128101289214, 0.4395208281767219, 0.4370452639101976]
0.43658820309967544
nmae
[0.48170941634247777, 0.47873418209288526, 0.4794742952234061, 0.4821917494909787, 0.4816299002619152, 0.4804056326662619, 0.47936880346180866, 0.4808369876303056, 0.4792032809080298, 0.4782935602901045, 0.4793213391935314, 0.482822155151178, 0.48293320650397814, 0.48087429520388375, 0.4814646121794925, 0.48296758210989005, 0.476936071855278, 0.47926311138811173, 0.48382789338316856, 0.4816890959306189]
0.4806973585633652
rmse
[1.1720172529419435, 1.1700181972983874, 1.1668719783497534, 1.1693449958800572, 1.1728368959726834, 1.1668226571198137, 1.1682900800437044, 1.1677793185954246, 1.1761617374305997, 1.170562935304367, 1.1758436901658924, 1.1704621606545103, 1.1778484913076959, 1.1721729679829425, 1.1734434318302924, 1.172864031980328, 1.1674695073797132, 1.1676405899516655, 1.1756369143472338, 1.1714345854559203]
1.1712761209996463
==================================================================================================================================
density = 0.2
mae
[0.4191258793580184, 0.41893248599569366, 0.4165809750074828, 0.41970702733332055, 0.41863104863757217, 0.42126800799922115, 0.4180734461059754, 0.418011832365826, 0.41966713439210407, 0.41811494099594426, 0.41816011631264727, 0.4201809924845086, 0.4184786782060856, 0.41863803506182995, 0.4190626631485801, 0.42382018494470697, 0.4141550899214983, 0.4186359699815753, 0.41909695267547026, 0.4201482104062937]
0.41892448356671774
nmae
[0.46153942383342955, 0.46121363281111444, 0.45918913846631354, 0.4624788685865723, 0.4611131755909413, 0.4636375935479674, 0.459611886391455, 0.46058977577710225, 0.46128549355596277, 0.4600559976636582, 0.4601383570169674, 0.4625696507773842, 0.4613465845939396, 0.46060297975712267, 0.4613440048723945, 0.4664908723513712, 0.4558919988224196, 0.4611534208978435, 0.4611878827814829, 0.4631477806241119]
0.46122942593597777
rmse
[1.1362481105369342, 1.135836235125843, 1.1306259281901316, 1.1353369912407838, 1.1389089429629358, 1.1380795261588237, 1.137569520011179, 1.1333336735643789, 1.1423047799498187, 1.1378349502750036, 1.1423693057973525, 1.1369227544265443, 1.1415682910682625, 1.1376767181192673, 1.1393225432436798, 1.1403617179498826, 1.134955987128721, 1.1346473109968431, 1.142426426724105, 1.1389081842867925]
1.137761894887864
++++++++++++++++++++++++topK:  35
==================================================================================================================================
density = 0.05
mae
[0.5115013653214711, 0.5161693150555838, 0.5119717207464637, 0.514876249048727, 0.5142171607574806, 0.5149719871837463, 0.5159492200932468, 0.5113573682582027, 0.5150447245122792, 0.5135206881379375, 0.5130902136269192, 0.5174220086636956, 0.5112748678970941, 0.5137744916323262, 0.5138549212745629, 0.5111235038100418, 0.5132638959100236, 0.511098613426487, 0.5111309795265038, 0.5168982493606704]
0.5136255772121732
nmae
[0.5628223678194622, 0.5679903312382382, 0.5639440005799734, 0.5670666925350987, 0.56642129261366, 0.5667310757418249, 0.5679672178388555, 0.5627725133836735, 0.5666721108659749, 0.565240055980972, 0.5648006692674873, 0.5695105507284227, 0.562936966181864, 0.5656688405855074, 0.5652662792211693, 0.5625695465545918, 0.5649691866156211, 0.5625110780044921, 0.5624983481347031, 0.569036134317967]
0.5653697629104779
rmse
[1.312875026077787, 1.3199267122088676, 1.3102877472528809, 1.3163009205642673, 1.320099614365175, 1.316174637543844, 1.317890120376561, 1.3089978217951808, 1.320043615337267, 1.3183022395946296, 1.317606385356068, 1.314366558566248, 1.3163749896885688, 1.3115931741869784, 1.3198834850224077, 1.3156487205304088, 1.3119981811328938, 1.3114162887618028, 1.3153793503167892, 1.3141791024506084]
1.3154672345564615
==================================================================================================================================
density = 0.1
mae
[0.4610302184607607, 0.4639714710075607, 0.46273534840833336, 0.4652207246937801, 0.46343168185357675, 0.46192796389707147, 0.4621203111628721, 0.46141125759494134, 0.4630028808108592, 0.46196964423648207, 0.4628927918906838, 0.4647941637364245, 0.463079986562432, 0.46287572333755933, 0.46280699900110495, 0.46128807192410076, 0.4585644249669167, 0.4589138162718267, 0.4609305871946146, 0.46401000653894886]
0.46234890367754244
nmae
[0.5073844903208606, 0.5104179480978362, 0.5093757756416408, 0.5124398697993242, 0.5105993557386651, 0.5083551478747155, 0.5087144249206941, 0.5080272988770377, 0.509241792620511, 0.5082822933645686, 0.509379523356114, 0.5113306368604748, 0.5099471068427553, 0.5093318681733207, 0.5094232533003686, 0.5074986688582316, 0.5047780913739606, 0.5052631434336305, 0.5070321762337822, 0.5109410004289484]
0.508888193305872
rmse
[1.2243594189086782, 1.2286771520736077, 1.2291304510472276, 1.2279324818777688, 1.2321191230520396, 1.2245705892503584, 1.2271104468882215, 1.2189346450392677, 1.2290406473354663, 1.230290397692918, 1.2305635667015329, 1.2271262959664773, 1.2327154166383931, 1.2265547032473003, 1.2240962361883845, 1.2268092369887802, 1.2210627516854153, 1.220933924267408, 1.2315189147235217, 1.2257548435089871]
1.226965062154088
==================================================================================================================================
density = 0.15000000000000002
mae
[0.43803893897703194, 0.4357083091072216, 0.43552856093758524, 0.4377816371516503, 0.43755338044865283, 0.43706912799846326, 0.4364720930024429, 0.43677641278884494, 0.4361957392504992, 0.43503828516800336, 0.43594794957218974, 0.4393530193936401, 0.43850534822428955, 0.4375129968338951, 0.4378799928389464, 0.4391382849801658, 0.4335527245914046, 0.4355278212461349, 0.43970133973454834, 0.43721795352253917]
0.4370249957884075
nmae
[0.4822171572376509, 0.4792512615906, 0.4798563561344343, 0.4824604698911559, 0.48213792814785766, 0.4812727700667314, 0.4801316276949224, 0.4811857446162151, 0.47979042520878823, 0.47886058110202523, 0.47969106003068157, 0.48352217556588517, 0.48330265322090893, 0.48148531796843214, 0.48198804915320675, 0.48336519153781377, 0.4774194350302856, 0.47972023311531964, 0.48402660188833035, 0.48187942565185005]
0.4811782232426548
rmse
[1.1729695731705383, 1.1709762378997892, 1.167686237914768, 1.1701125546065887, 1.1738022627748397, 1.1680161727581546, 1.1693829324155187, 1.1685078539544784, 1.177210267394007, 1.1714901695804092, 1.1765585745812606, 1.17153519436757, 1.178595940830082, 1.1730693130999847, 1.1741258889348911, 1.173541811333156, 1.1683429443201612, 1.168405340639508, 1.1763064883853638, 1.1719800085960355]
1.1721307883778553
==================================================================================================================================
density = 0.2
mae
[0.41958190935369666, 0.4193846930468295, 0.4169053735423667, 0.42009674580754175, 0.4189609300089815, 0.4215653012815134, 0.41845424559956884, 0.4185739418352703, 0.4201127910519684, 0.4185003610475916, 0.4187433953364809, 0.4205515669966438, 0.4189945450760883, 0.4190785303779887, 0.4195103840159149, 0.4242910777325495, 0.4146749121413802, 0.4190265548434733, 0.41994102402357253, 0.42066876886507]
0.41938085259922453
nmae
[0.4620416018945373, 0.46171147927518486, 0.4595467166868513, 0.4629083028044606, 0.46147653288905355, 0.46396478749425024, 0.46003052090464297, 0.4612091407195447, 0.4617753459543399, 0.460480079151772, 0.4607801902316603, 0.4629776095516539, 0.4619152955724801, 0.46108763102671363, 0.46183689855194415, 0.4670091751486136, 0.45646420666586096, 0.46158367428773517, 0.4621167262757215, 0.4637216150208696]
0.46173187650539455
rmse
[1.1371359565235917, 1.1366928174529294, 1.1312871068819024, 1.135939538183959, 1.1396378611985865, 1.1385757032503183, 1.1382943817264797, 1.1340095342805203, 1.1430340774441001, 1.1384969222431507, 1.1430716718099903, 1.1374648192712553, 1.142256120787467, 1.1383702654104813, 1.1399026822577896, 1.1414985622860254, 1.1357988014680025, 1.1352539497874194, 1.1433437506159945, 1.1395602692033817]
1.1384812396041672
++++++++++++++++++++++++topK:  40
==================================================================================================================================
density = 0.05
mae
[0.5122475319597408, 0.5168381588868656, 0.5126834513150629, 0.5155056986244849, 0.5148709382040167, 0.5156413287886628, 0.5166042564007723, 0.5121041032978052, 0.5156549167657738, 0.5141770466173331, 0.5137462551891118, 0.5181276533968632, 0.5119683433879177, 0.514471328160826, 0.5146009486641705, 0.5118131283555687, 0.5139459083129699, 0.5117477247124554, 0.5118028868057182, 0.5175837912839245]
0.5143067699565022
nmae
[0.5636434003769705, 0.5687263239022644, 0.5647279817412877, 0.5677599462823868, 0.5671414425709334, 0.5674676919019924, 0.5686882949035742, 0.5635943299471079, 0.5673434679653981, 0.5659625197730005, 0.5655228282632211, 0.5702872322647238, 0.5637005143502521, 0.5664360618422531, 0.566086946902379, 0.5633285837833204, 0.5657199037333158, 0.563225484734667, 0.5632377803933541, 0.5697908246780212]
0.5661195780155213
rmse
[1.313060519755482, 1.3200915789619716, 1.3104069929350564, 1.3163993165276135, 1.320265825975957, 1.3163262171238663, 1.31804800025109, 1.3091469412148788, 1.3201009266559762, 1.3184104729571506, 1.3177951822945655, 1.3145420908171765, 1.3164640293467975, 1.3117353584411673, 1.320204140129304, 1.3157731289275452, 1.3122269563969708, 1.3114103669899126, 1.3155079019935751, 1.314398218088202]
1.3156157082892128
==================================================================================================================================
density = 0.1
mae
[0.46093887590834115, 0.46369980254232585, 0.4625503913050547, 0.46513238394473505, 0.4633070981069139, 0.4619378270154445, 0.4620044459229934, 0.4613172523750872, 0.4628134396707344, 0.46190718284572624, 0.46271369378224086, 0.46456748125008046, 0.4628406413297039, 0.46268122092661723, 0.4628754530855015, 0.4611084213387172, 0.45851474285394084, 0.45886016720071576, 0.460872694035343, 0.4638127906412538]
0.46222280030407364
nmae
[0.5072839637337776, 0.5101190839019689, 0.5091721761797301, 0.5123425626082733, 0.5104620919665227, 0.5083660023095862, 0.508586877359054, 0.5079237963786987, 0.5090334324789406, 0.5082135701933902, 0.5091824390404563, 0.5110812582986279, 0.5096835381019157, 0.509117844686379, 0.5094986024252743, 0.5073010213609498, 0.5047234023470802, 0.5052040759195339, 0.50696849268717, 0.5107238376810577]
0.5087494034829193
rmse
[1.2244003133123245, 1.2285585895147049, 1.2290827438273078, 1.2281547500767338, 1.2321579542513506, 1.2248648719256297, 1.2271646966617626, 1.219052241402677, 1.2290845557979864, 1.2304117593154176, 1.2305143156431002, 1.226920813565962, 1.2326582277668654, 1.226575435359338, 1.2244350792698264, 1.226739902839543, 1.2211987390551868, 1.2209875831099035, 1.2317088316546858, 1.2257405979470288]
1.2270206001148665
==================================================================================================================================
density = 0.15000000000000002
mae
[0.4385267381203963, 0.4360315407760549, 0.43569877987266703, 0.43800144862349255, 0.43779374737231813, 0.43759056765231985, 0.4365128496574017, 0.4370572880148532, 0.4365162071853922, 0.43544477027253337, 0.4363598497225607, 0.43966838079441073, 0.4387267935914654, 0.43764598393792753, 0.438264850269782, 0.439370517437518, 0.43392755431011815, 0.43582366103935694, 0.44000918993227733, 0.4374073138802295]
0.4373189016231537
nmae
[0.48275415314209136, 0.4796067957446119, 0.4800438998348005, 0.48270271473879833, 0.4824027872844787, 0.48184694630238417, 0.4801764611662909, 0.48149517788874024, 0.48014292165227085, 0.4793080122822244, 0.4801442903301982, 0.483869240964003, 0.4835467212440994, 0.4816316709648782, 0.48241167362868903, 0.48362081280808034, 0.47783218988659387, 0.4800460913674129, 0.4843654857434202, 0.48208812902203396]
0.4815018087998051
rmse
[1.1739007643106398, 1.171765554230198, 1.1683761286421246, 1.170848391911143, 1.17460175075286, 1.1689600323028257, 1.1697822532471847, 1.1693088119341142, 1.178049619831475, 1.1723110247098425, 1.177476701937181, 1.1725262656489024, 1.179329412374223, 1.1735854960106809, 1.1747886592692545, 1.1740737062882576, 1.169214368698656, 1.1691326963744386, 1.1772500670145438, 1.1725472718706795]
1.1728914488679616
==================================================================================================================================
density = 0.2
mae
[0.4200024051168609, 0.4197821990934428, 0.41736155564348787, 0.42044016045407273, 0.41931170443029964, 0.4220158493921108, 0.41881058218990747, 0.418915574015428, 0.4205125664436803, 0.4188850996035712, 0.41922734820207924, 0.4209040931045793, 0.41951193014380816, 0.4195355905002418, 0.41989919012722904, 0.42404131567304687, 0.4151287225989768, 0.41937992662083573, 0.4206470461475557, 0.42112630696522274]
0.4197719583233218
nmae
[0.4625046498278992, 0.4621491039854938, 0.46004955737945336, 0.4632867144269507, 0.46186290343623704, 0.46446065007533505, 0.46042226195875985, 0.4615855709472885, 0.4622147670425423, 0.4609034107834742, 0.4613127261377953, 0.46336569916435494, 0.46248568026910475, 0.46159050758499587, 0.46226493326915047, 0.46673426676728474, 0.45696375034318115, 0.46197293516273025, 0.4628936559252406, 0.46422597931515475]
0.46216248619012135
rmse
[1.1379249483771858, 1.1374494312902257, 1.1319890620283561, 1.1364817929843976, 1.1403322205527429, 1.1391808368337883, 1.1389499680179858, 1.134545632841354, 1.14368653144529, 1.1390602296582544, 1.1436861039889947, 1.1379783258235332, 1.14292903047778, 1.1391447426869779, 1.1404016423236278, 1.1414784001684835, 1.1365308144644133, 1.1358234482432497, 1.1441706894321042, 1.140104331787511]
1.139092409171313
++++++++++++++++++++++++topK:  45
==================================================================================================================================
density = 0.05
mae
[0.5127795614761211, 0.5173050984679165, 0.5131846265604638, 0.5159357720718566, 0.5153199018333068, 0.5161099759070672, 0.5170469190202623, 0.5126096049261237, 0.5160973931064063, 0.5146217518159197, 0.5142001043613909, 0.518612436543078, 0.5124616155966814, 0.5149640299161743, 0.5151051670152225, 0.512291978870127, 0.5144063140086835, 0.512195772067726, 0.5122754462784009, 0.5180392965455886]
0.5147781383194259
nmae
[0.5642288105683407, 0.5692401420614875, 0.5652800332734913, 0.5682336141351938, 0.5676359856913231, 0.5679834420634898, 0.5691755867661097, 0.5641506579469514, 0.567830297535766, 0.5664520135697463, 0.5660224174376818, 0.5708208182196345, 0.5642436295670148, 0.5669785294720041, 0.5666416124692811, 0.563855631971937, 0.5662266898787924, 0.563718602098302, 0.5637578308959195, 0.5702922753089325]
0.56663843104657
rmse
[1.3133158869659918, 1.3202981235477562, 1.310586361578931, 1.316573269976602, 1.3204970710898853, 1.3165407228102661, 1.3182636766740508, 1.3093437663399574, 1.320268345288939, 1.31857587592393, 1.3180147311822967, 1.3147767729860107, 1.3166380183080026, 1.3119536289410445, 1.32052191655753, 1.3159737769831483, 1.312464424451809, 1.311511352927951, 1.31572750131165, 1.3146494496939567]
1.3158247336769855
==================================================================================================================================
density = 0.1
mae
[0.4609545278741447, 0.4634795255046407, 0.4626021596009158, 0.46530555861948864, 0.46337267987587527, 0.4620099801558384, 0.4620219326698022, 0.46137769057282313, 0.4627846056545617, 0.4618912288310684, 0.4626934129162681, 0.46452835509584545, 0.4628021021008028, 0.46252909893680205, 0.46338311064951915, 0.4610705408373601, 0.4586324020620177, 0.458926549891586, 0.4609060447022115, 0.46376093881037195]
0.46225162226809724
nmae
[0.5073011894260939, 0.5098767557404029, 0.5092291623510883, 0.5125333142301871, 0.5105343485909424, 0.5084454073753568, 0.5086061272386452, 0.5079903406032692, 0.5090017188834258, 0.5081960167821221, 0.5091601214368483, 0.511038214725959, 0.5096410984179555, 0.5089504550970003, 0.5100573938186254, 0.5072593460929676, 0.5048529191330584, 0.5052771631221183, 0.5070051790379374, 0.5106667414418139]
0.5087811506772909
rmse
[1.2243601348258486, 1.2282422070754477, 1.2289981015841478, 1.2282087426893664, 1.232153172904829, 1.2250086658911097, 1.2271392963307042, 1.2190931236823757, 1.22903966294023, 1.2303698047492546, 1.2304339858749613, 1.2266821445510547, 1.2325227152151508, 1.226357626706839, 1.224940260322124, 1.2265929248416274, 1.2213302369390049, 1.2209605314648482, 1.231742750134648, 1.2256150999045037]
1.2269895594314035
==================================================================================================================================
density = 0.15000000000000002
mae
[0.43857580022647763, 0.43617101822812343, 0.43577651369200154, 0.4380338487355505, 0.4378863158049234, 0.43786304521880265, 0.4365357814443732, 0.4371149337054414, 0.43671629664542955, 0.43562451090344817, 0.4365741508540582, 0.43977106044314734, 0.43871267589302215, 0.43763411877975716, 0.4383592770043202, 0.4394322459324111, 0.43405216312456846, 0.43592246812599744, 0.4403459108681178, 0.4374021579986617]
0.43742521468143164
nmae
[0.4828081633846006, 0.4797602120175406, 0.48012954534841273, 0.4827384215203567, 0.48250478798725566, 0.48214698129639705, 0.48020168677952274, 0.48155868471680474, 0.4803630086418322, 0.47950585855438477, 0.48038009448304414, 0.4839822432308635, 0.48353116129450563, 0.4816186132968872, 0.48251561205545496, 0.48368875816100876, 0.477969406576561, 0.4801549242738872, 0.48473615072810716, 0.4820824464711949]
0.4816188380409311
rmse
[1.1744871592915813, 1.1724425496866449, 1.1689897582831235, 1.17141743707028, 1.1752214718507714, 1.1698050689393706, 1.1702230010443884, 1.1698420029635934, 1.1788181257700434, 1.172946847975376, 1.1782729938516276, 1.1731772686388884, 1.1798643846188075, 1.1740581429500607, 1.1752442680982214, 1.174647547429365, 1.1699071642558174, 1.1696868325192156, 1.1781702105368306, 1.1729970936772511]
1.1735109664725627
==================================================================================================================================
density = 0.2
mae
[0.42034461007795687, 0.42020415731431987, 0.4176780349222114, 0.4207510562458572, 0.4196653238202779, 0.4223963178844554, 0.41914634788561167, 0.41925484821171866, 0.4208380688503063, 0.4192574014866318, 0.4197312532623791, 0.42124377925914147, 0.4198376649390964, 0.4199014028707412, 0.42028897665563014, 0.4241209027610738, 0.4155131544456753, 0.41970660332476595, 0.421368138952546, 0.42149704698618234]
0.4201372545078289
nmae
[0.46288148430258996, 0.4626136487282647, 0.4603984063573427, 0.4636292932370944, 0.4622524076557498, 0.4648793846881277, 0.46079138825995297, 0.46195940301111327, 0.4625725494991352, 0.46131305822117524, 0.46186721719873985, 0.4637396535047467, 0.46284478251998606, 0.4619929895712759, 0.4626940473226593, 0.466821866771816, 0.45738692370810485, 0.46233278976278214, 0.4636871698410527, 0.4646346622837908]
0.46256465632227506
rmse
[1.138553445754384, 1.1381674930989112, 1.1325782651510878, 1.136994617844404, 1.1410402369049248, 1.1397651168209813, 1.1394712894780954, 1.1350915090400369, 1.144203077239214, 1.1396343715320354, 1.1442716745840362, 1.1384570350078163, 1.1435124612140406, 1.1398025544656791, 1.140941212052211, 1.1417494463809141, 1.137159459629092, 1.1363524583795241, 1.1449672606059131, 1.1405864363932938]
1.13966497107883
++++++++++++++++++++++++topK:  50
==================================================================================================================================
density = 0.05
mae
[0.5131241082774365, 0.5176208677745587, 0.5135093436975132, 0.5162255134141789, 0.5156157283022986, 0.5164210087227189, 0.5173342764203751, 0.5129508843368262, 0.5163991345196116, 0.5149178016653877, 0.5144758278450439, 0.5189382296052761, 0.5127941610817401, 0.5152855458695209, 0.5154303655381969, 0.5126168272388294, 0.5147122835122739, 0.512505279800725, 0.5125973475359322, 0.5183380724692728]
0.5150906303813859
nmae
[0.564607927144929, 0.5695876131486739, 0.5656377137349385, 0.5685527251157156, 0.5679618449269598, 0.5683257363369497, 0.5694919155378403, 0.5645262517755518, 0.5681622850999889, 0.5667778801557513, 0.5663259289917205, 0.5711794086606464, 0.5646097773247687, 0.5673325204924254, 0.5669993472140102, 0.5642131772581891, 0.5665634822052158, 0.5640592438530757, 0.5641120824143689, 0.5706211878112496]
0.5669824024601484
rmse
[1.3135554607106705, 1.320499539048164, 1.310768359131892, 1.3167629875755118, 1.3207161361159543, 1.3167431731875088, 1.3184647387118458, 1.3095476086771498, 1.320456287533558, 1.3187588723241386, 1.3182026775153, 1.3150123674836518, 1.3168378937791287, 1.3121491176835907, 1.3207809701299682, 1.3161711412466393, 1.312680800117382, 1.311653226849026, 1.3159569681570067, 1.3148772762244696]
1.3160297801101275
==================================================================================================================================
density = 0.1
mae
[0.4609964710989885, 0.46346432961059075, 0.46267795763198666, 0.4654591941343056, 0.46348407142692544, 0.4621263413133796, 0.462110769283149, 0.46148100394511693, 0.46278290170782427, 0.4619836848857761, 0.46275988711523436, 0.4645594484896049, 0.4628313746755758, 0.462439485870748, 0.4637831076367729, 0.4610880348685402, 0.45879479423570435, 0.4590544739939168, 0.4609789110002867, 0.4638187289812518]
0.4623337485952839
nmae
[0.5073473498314375, 0.5098600386413028, 0.5093126002838109, 0.5127025434992856, 0.510657077477266, 0.5085734636916484, 0.5087039209637401, 0.5081040916498689, 0.5089998447678921, 0.5082977415947989, 0.5092332714110499, 0.5110724212760269, 0.5096733335938397, 0.5088518480885857, 0.5104976805191224, 0.5072785926290851, 0.5050316770284043, 0.5054180072888721, 0.5070853333143372, 0.5107303766378403]
0.5088715607094108
rmse
[1.224254662170811, 1.2281163747443793, 1.2288924035329465, 1.2281528173752412, 1.2321062864737167, 1.2250549657381131, 1.2271301891557773, 1.2191058004538515, 1.2289139445901964, 1.2303778159382708, 1.2303837340855688, 1.2265377844900254, 1.2323782663703529, 1.2261668300980693, 1.2252923634801611, 1.2264690759731147, 1.2214470061251248, 1.2209481210989097, 1.2317104605013511, 1.225524132342814]
1.2269481517369396
==================================================================================================================================
density = 0.15000000000000002
mae
[0.43848310392393414, 0.43613359541278324, 0.4357496931631618, 0.43796782113399746, 0.4378701380464155, 0.4378906844191446, 0.43660945993601336, 0.4370241493768972, 0.4367558540345551, 0.43567816081868244, 0.4366418116713878, 0.4399798818192719, 0.4386387198544089, 0.43758015071015716, 0.43835892118819153, 0.4393961248359076, 0.43404160236365386, 0.43589173012185184, 0.4404370356097521, 0.4371926358964602]
0.43741606371683145
nmae
[0.48270611823856097, 0.47971904931513354, 0.480099995044729, 0.48266565531691713, 0.4824869617943439, 0.4821774158287373, 0.4802827352009097, 0.48145866987293734, 0.4804065195128492, 0.4795649127352719, 0.4804545444012494, 0.4842120578938599, 0.4834496499746819, 0.48155922115690614, 0.4825152203976389, 0.4836489992027782, 0.477957777281614, 0.48012106732653526, 0.48483646154150567, 0.48185152185006075]
0.48160872769436097
rmse
[1.1749161828006498, 1.1728736686776478, 1.169469576217717, 1.1718049705215816, 1.175672446180179, 1.1703916729320205, 1.1706283723771362, 1.1702231826577492, 1.1793569021904002, 1.1734066159281429, 1.1788111250638524, 1.1740727465873013, 1.1802644535381497, 1.1744488732807266, 1.1755434379230392, 1.1750892583519925, 1.1703796832555382, 1.1700592426659515, 1.1788101111530094, 1.1732080074508573]
1.1739715264876822
==================================================================================================================================
density = 0.2
mae
[0.4206464152085417, 0.4205142687282694, 0.41798429077382, 0.42102905819568354, 0.4199425565874083, 0.4227764468686521, 0.41938702696415997, 0.4196143243129357, 0.42120821604768266, 0.41966939201499676, 0.4201157267186959, 0.4215604713193422, 0.4200698304134439, 0.4202921093981227, 0.4205679322442343, 0.4241602237289321, 0.41589027769281556, 0.42002006737085934, 0.4220666345247149, 0.4218466790230084]
0.4204680974068159
nmae
[0.46321383067617455, 0.4629550584221535, 0.46073598624957823, 0.46393562603318184, 0.4625577736386252, 0.4652977456462926, 0.46105598044186946, 0.46235549471004844, 0.46297940416712685, 0.46176637546715416, 0.462290287160711, 0.4640882940627711, 0.4631007304433307, 0.46242286114444986, 0.46300114814491156, 0.4668651466184337, 0.4578020519417667, 0.46267808980279257, 0.46445581702878413, 0.4650200769966953]
0.4629288889398426
rmse
[1.139094384158609, 1.1387715223529, 1.1331101379722062, 1.1375045972092004, 1.141643700838735, 1.1403044168138687, 1.1399132221997432, 1.1356137168211542, 1.144778811009442, 1.1401975310036767, 1.1447959916474066, 1.138937152351802, 1.1439990147794128, 1.1404758463210376, 1.141417217298172, 1.142000875144283, 1.1377730148692413, 1.1368462548993639, 1.1457864868584167, 1.1410864164577168]
1.1402025155503195
