Parameter setting:
----------------------------------------------------------------------------------------------------------------------------------
dataPath:..\DataSet\tpData.txt
program path:D:\PycharmProject\smallPaper\SlopeOneNew
outPath:C:\Users\Administrator\Desktop\experiment data201903\tp\201903022SlopeOne339and5825_tp.txt
parallelMode:True
threadNum:20
metrics:['MAE', 'NMAE', 'RMSE']
density:[0.05 0.1  0.15 0.2 ]
rounds:20
numUser:339
numService:5825
method:slopeOne
saveData:True
----------------------------------------------------------------------------------------------------------------------------------
(339, 5825)
==================================================================================================================================
density = 0.05
mae
[28.233336309330916, 28.203383716841643, 28.298483537128863, 28.241116382355287, 28.224812645426493, 28.032308609554388, 27.971023171389547, 28.236777703899268, 28.080401125574994, 28.106701236141493, 28.113974584399887, 28.0339093142893, 28.15900563596244, 28.020644322552993, 28.221101828075124, 28.134799991182835, 28.143900763243558, 28.153408895650717, 28.009837959672552, 28.026878066585454]
28.13229028996289
nmae
[0.5941078076149937, 0.5931506272980451, 0.5952319396654175, 0.5939586553292033, 0.5933579192320847, 0.5889314451658637, 0.5879307247191831, 0.5937003755352337, 0.5903747603996735, 0.5910852986475005, 0.591277120135707, 0.5892337218577632, 0.5919348579584154, 0.5887941821091094, 0.5933737046430236, 0.5913236330724091, 0.5916560885528334, 0.591845921644378, 0.5889403483201364, 0.5891389863128382]
0.5914674059106906
rmse
[64.5608528393188, 64.75656387044383, 64.90545941110447, 64.96775471851052, 64.85285517937821, 64.70554956620946, 64.96276389859565, 64.94878874617422, 64.60237419286892, 64.70531606494994, 64.64397563917805, 64.55559658105734, 65.00367119094253, 64.67896945046469, 64.39082317174469, 65.06157712286226, 64.82907032847089, 64.70742087096384, 64.79821034745584, 64.78505494647936]
64.77113240685867
==================================================================================================================================
density = 0.1
mae
[27.325472759899103, 27.3918347589362, 27.286174955520984, 27.331891477629, 27.330973583339592, 27.336078340636075, 27.2075422246942, 27.345704065206423, 27.21902112701654, 27.2357669121837, 27.216789992908613, 27.278767546853548, 27.252365972222876, 27.240508792930008, 27.369102927083503, 27.213300325774153, 27.262554075084665, 27.258202106649502, 27.229653372944178, 27.250377852721858]
27.279104158511736
nmae
[0.5748246369769485, 0.5764082418505134, 0.5738878974486505, 0.574770759640842, 0.5743822030916564, 0.5741517546966627, 0.5721149863665369, 0.5753743529069278, 0.5722445825589598, 0.573106113610913, 0.5721827458773163, 0.5735570817534225, 0.5729878593389572, 0.5724663059424882, 0.5757350258677801, 0.5717226217822574, 0.5726487672061495, 0.5730977046643346, 0.5725687557020002, 0.5729368197653835]
0.5735584608524351
rmse
[62.95949758837055, 62.82641055067769, 62.97162634900536, 63.001247710927686, 63.01092802249149, 63.15314964116819, 62.95772598498625, 62.81869399722465, 62.848307421726965, 62.87438191196878, 63.021729736221005, 62.91739218131161, 62.93441673345257, 62.8532176987181, 62.94933479401298, 63.10240638265573, 62.89377579497275, 62.95958644244235, 62.93798652370451, 63.07015722717435]
62.95309863466067
==================================================================================================================================
density = 0.15000000000000002
mae
[27.074031982138724, 27.181936393594288, 27.014343590161552, 27.072992600393935, 27.084231117785443, 27.072023181845527, 27.043836866312834, 27.094629082101136, 27.0460709280259, 27.04001595823643, 26.973752993881842, 27.05755195510862, 27.046246739617423, 27.05602061820809, 27.102167955558752, 27.04760032143957, 27.01978291034819, 27.019302847684, 27.012400478324157, 27.03307914926707]
27.054600883501678
nmae
[0.5698690794255268, 0.5722004432357971, 0.5683335381229867, 0.5689786654495096, 0.5693984573749751, 0.568725412699872, 0.568903187573027, 0.5704352210145531, 0.568635488590053, 0.5692606144821329, 0.5670253591667406, 0.5689535971233415, 0.5687794061022673, 0.5685985906530656, 0.5701507087442725, 0.5685991630097736, 0.5673706094096777, 0.5680444679406637, 0.5684228144900827, 0.5680470611456958]
0.5689365942877007
rmse
[62.30929452559358, 62.39731148732957, 62.3313718134143, 62.49799506920741, 62.50798286990804, 62.45711049688359, 62.40922472420386, 62.37845386841949, 62.28242181603611, 62.31592659357226, 62.5684113268323, 62.40170106290852, 62.538081856504945, 62.40678565188892, 62.3776881762434, 62.42389493344733, 62.423700812552745, 62.45437336755338, 62.46806719808329, 62.475801428637524]
62.42127995396104
==================================================================================================================================
density = 0.2
mae
[26.966673932749163, 27.054063002639484, 26.940080160130613, 26.985167811438924, 26.980914918521943, 26.979486228774615, 26.935977583831757, 26.975498893106966, 26.95300293198942, 26.917225773719796, 26.8872191585153, 26.978808489981795, 26.981999682762627, 26.953786044951567, 26.965681101007323, 26.958527227069588, 26.968320289247277, 26.95891910364623, 26.92888150026665, 26.982777937565626]
26.962650588595835
nmae
[0.5677298145718954, 0.5701246816799478, 0.566479754146285, 0.566893611153691, 0.5671944679123053, 0.5668492690609336, 0.566168343131275, 0.5684445538218706, 0.5666181751075995, 0.5664226695931764, 0.5651608430167573, 0.5673070731988737, 0.5673845266277265, 0.5665129868556855, 0.5669724502905166, 0.5665422991501858, 0.566464826265364, 0.5663529553321509, 0.5668785420024722, 0.5670228576281664]
0.566976235027344
rmse
[62.07604712405327, 62.05937039420621, 62.15278918375174, 62.193503720780754, 62.24811495519601, 62.30207016889246, 62.106115223387654, 61.99533345434469, 62.12570443039325, 62.145478278405356, 62.3713539842668, 62.15540182512057, 62.25899135806993, 62.13398385887674, 62.12343167662148, 62.199256516348626, 62.23156883165167, 62.21738037407009, 62.15388202549167, 62.23621206421502]
62.1742994724072
程序运行时间：59791 秒
