Parameter setting:
----------------------------------------------------------------------------------------------------------------------------------
method:UPCC
dataPath:..\DataSet\tpData.txt
program path:C:\Users\Administrator\PycharmProjects\PaperNew\cUPCC
outPath:C:\Users\Administrator\Desktop\experiment data201903\tp\2019-03-16UPCC339and5825_rt
parallelMode:True
threadNum:25
metrics:['MAE', 'NMAE', 'RMSE']
density:[0.05 0.1  0.15 0.2  0.25 0.3 ]
rounds:20
topK:10
lambda:0
numUser:339
numService:5825
saveData:True
----------------------------------------------------------------------------------------------------------------------------------
(339, 5825)
==================================================================================================================================
density = 0.05
mae
[27.364696704262926, 27.338299554970877, 27.737769860989978, 27.275988985509116, 27.236110778808495, 27.208596162975866, 26.810579742364823, 27.421325139861015, 27.60794989287102, 27.020036509134865, 27.543822478624303, 27.199799841856247, 27.632199069579965, 27.15942341315407, 27.508844468481254, 27.044743163687393, 27.270216329684832, 27.365008361057175, 27.091136016483095, 27.328770829928537]
27.308265865214292
nmae
[0.5758292178755323, 0.5749568808160286, 0.58343785576664, 0.5736603865536006, 0.5725728713493171, 0.571626050582727, 0.5635390411528851, 0.5765548464462745, 0.5804417369339189, 0.5682326864075948, 0.5792860053920322, 0.5717019026823326, 0.580860774800986, 0.5706974583104826, 0.5783978617189524, 0.5684133453258463, 0.5732890285302241, 0.5752720267121192, 0.5696235410182383, 0.5744644232464632]
0.5741428970811098
rmse
[61.03661679077272, 61.23400289801812, 61.6465703637012, 61.27814748594336, 61.34878242632174, 61.381124242534554, 61.246326287202656, 61.45671938071021, 61.36990278071816, 61.1493727769758, 61.30041946214213, 61.18838461898906, 61.636717438855904, 61.326536155630905, 61.00724970245744, 61.56250420548184, 61.346511849085104, 61.240520716165726, 61.43257908803282, 61.408616869731006]
61.32988027697352
==================================================================================================================================
density = 0.1
mae
[22.63550364905936, 22.90165468661799, 22.974501228671535, 22.918557429846842, 22.817179063371928, 22.828602401765828, 22.427757951586834, 22.791115817483593, 22.69838873574088, 22.30048706007636, 22.72882699824959, 22.72491217797169, 22.91299233091519, 22.670097121315287, 22.833399394133693, 22.5572326299408, 22.688232229586355, 22.736522717730917, 22.433080457504293, 22.695001162706596]
22.71370226221378
nmae
[0.4761654183328751, 0.4819210771952582, 0.4832039751466149, 0.4819613993640833, 0.47952121203415177, 0.4794792421545757, 0.4716065982269484, 0.4795423619096524, 0.4772041553673887, 0.46925594244653135, 0.4778316122444058, 0.4778087679186099, 0.4817514354578501, 0.4764179279120171, 0.48032220222395783, 0.4739035701277135, 0.47656533502241605, 0.47803038992074326, 0.47170930853194676, 0.47716042181169366]
0.4775681176674717
rmse
[54.636065023872206, 54.48254025502273, 54.77756745835306, 54.84803045208043, 54.84614551570699, 54.99818777014061, 54.40092456468387, 54.41682111552768, 54.6091694412274, 54.337371036228326, 54.868576220454536, 54.66310861609652, 54.680084692015924, 54.6385379220033, 54.604556785650686, 54.84347868784107, 54.55227703133874, 54.88874898722448, 54.54544249649419, 54.90000086092989]
54.67688174664463
==================================================================================================================================
density = 0.15000000000000002
mae
[20.484167118777876, 20.86104339755318, 20.612186054989774, 20.807125307298435, 20.57605568317609, 20.63633826683387, 20.539019818647112, 20.56970814718963, 20.55430573080508, 20.19196258525267, 20.428515128524648, 20.602964757109078, 20.72316053405557, 20.413382634314654, 20.506751602304266, 20.400329438436884, 20.45503014437888, 20.349699319078454, 20.372740066425916, 20.556672317818137]
20.53205790264851
nmae
[0.43116198822833984, 0.43914083623763234, 0.43364357864123726, 0.4372922699729588, 0.4325754832733098, 0.43352541177231557, 0.43206568292123465, 0.4330631719516068, 0.43214808217316075, 0.4250917990076087, 0.4294354638237488, 0.43322954454308776, 0.4358056426312408, 0.428999547277171, 0.4314023505155965, 0.42885912635378237, 0.4295216936796631, 0.4278250326303015, 0.4287042262950758, 0.43195809225410664]
0.43177245120915897
rmse
[51.16668530609803, 51.255338654733514, 51.021833188281136, 51.3452187228801, 51.15129580000508, 51.16641089317458, 51.01266725487041, 51.0273288847674, 50.90355935017983, 50.73499051061378, 51.13493037836217, 51.00444430226231, 51.21057923696768, 51.022490227285374, 50.859730081729786, 51.07062135518717, 51.022062305945624, 51.098536128540594, 51.16861620722307, 51.02675987662034]
51.07020493328639
==================================================================================================================================
density = 0.2
mae
[19.21722599722354, 19.561861016162393, 19.370482122604198, 19.29331066171045, 19.428147300960827, 19.429170587946086, 19.354070114567357, 19.444845124903242, 19.13849714947802, 19.166714885359006, 19.07389791688942, 19.176329024213654, 19.515672842972396, 19.13919760245739, 19.25916051391955, 19.221226045438193, 19.271947651870118, 19.140721898447225, 19.30275627886036, 19.50356191884697]
19.30043983274152
nmae
[0.40458056411399895, 0.4122375180326471, 0.4073108129331801, 0.4053061529412012, 0.4084197183145053, 0.4082142651957257, 0.40680394002809206, 0.4097539161355584, 0.4023381126215316, 0.4033276647438108, 0.40092730165851975, 0.4032374927701117, 0.41038065851380745, 0.4022664564342391, 0.4049374234685075, 0.4039403749524377, 0.40480387214788977, 0.4021082734326031, 0.4063413601445376, 0.4098527378738168]
0.40585443082283607
rmse
[48.6710767871426, 49.15922717036696, 48.915022595444746, 48.90645654916917, 48.86680790390206, 49.083442375790725, 48.83769735465216, 48.61555522165123, 48.61168643637541, 48.71827204711665, 48.93670744708849, 48.331851023844685, 48.85770072975833, 48.828142805195064, 48.66643807020822, 48.84409220624272, 48.88795456847029, 48.89606211256573, 48.997853191313745, 48.909003236563635]
48.82705249164313
==================================================================================================================================
density = 0.25
mae
[18.19596304664015, 18.46240279526645, 18.374948442056464, 18.254834885565845, 18.45319157489555, 18.349167868524848, 18.374412777209567, 18.418886314558268, 18.04509290698955, 18.198040538163173, 18.1110174800227, 18.273440499360184, 18.417665965161344, 18.16318497811397, 18.352339628373397, 18.203726309240256, 18.164388760925224, 18.118260633823525, 18.30795251835018, 18.469584352510434]
18.285425113787554
nmae
[0.3828829340134738, 0.3886287753711317, 0.3868931444037549, 0.38371118557521305, 0.3877425230721638, 0.3853437692151951, 0.38629494174577966, 0.3879537703892145, 0.3793626160432764, 0.3829305367977709, 0.3807301360201166, 0.38454025631544037, 0.3870818072613958, 0.3817535992321108, 0.38556553412679007, 0.38234823822321923, 0.38165126333918264, 0.3802580953925703, 0.3854070937319629, 0.3880692007732802]
0.3844574710521521
rmse
[47.04946640565093, 47.343604813577834, 47.18528119917243, 47.223385045387666, 47.224150956406014, 47.14353724599331, 46.99643104507348, 46.83512419414958, 47.01034069889149, 47.034943085894945, 47.45025919451816, 46.686380131103995, 47.18942900144159, 47.01213040884508, 47.051899066680456, 47.15195970724632, 47.05487399293719, 47.20922962123301, 47.46494459899134, 47.334122683036526]
47.13257465481156
==================================================================================================================================
density = 0.3
mae
[17.399188339993426, 17.568476992839514, 17.450095416811553, 17.55901737032874, 17.590748782231405, 17.483739987189043, 17.37349822175369, 17.647547333480986, 17.402942189592753, 17.379838624596584, 17.175728106081948, 17.483834982629816, 17.50814760787862, 17.3268610813946, 17.459146298410154, 17.45025864589714, 17.222193228826523, 17.369624662938165, 17.478240469359825, 17.73789646514229]
17.45335124036884
nmae
[0.36588078521760486, 0.3695352537710829, 0.36729321789498487, 0.3688667873447328, 0.36998236306153487, 0.366976219413388, 0.3651278266943724, 0.3717854415964482, 0.36593244737597946, 0.36590218633361987, 0.36100623645218616, 0.3678039425361832, 0.3681376649076031, 0.3643089619592124, 0.36671339210930076, 0.36668188481649466, 0.3621450918255729, 0.36467119427881356, 0.3675571326224008, 0.3728552720330858]
0.3669581651122301
rmse
[45.827462497694974, 45.941036702151614, 45.77232069498734, 46.100643231640596, 45.80164600758646, 45.95619032457448, 45.63831214182455, 45.74656786012058, 45.9876142401207, 45.8875489887084, 45.9061107561429, 45.35845223014524, 45.853716869259884, 45.78080817665014, 45.750524010600834, 45.8799879400643, 45.73496731678431, 45.8895900226737, 46.162406569855776, 46.10209984248464]
45.85390032120357
程序运行时间：97.828214619 秒
