Parameter setting:
----------------------------------------------------------------------------------------------------------------------------------
dataPath:..\DataSet\tpData.txt
program path:C:\Users\Administrator\PycharmProjects\smallPaper\cPMF
outPath:C:\Users\Administrator\Desktop\experiment data201903\tp\19-03-21PMF339and5825_tp.txt
parallelMode:True
threadNum:25
metrics:['MAE', 'NMAE', 'RMSE']
density:[0.05 0.1  0.15 0.2 ]
rounds:20
maxIter:300
dimension:10
lambda:800
etaInit:0.001
numUser:339
numService:5825
method:PMF
saveData:True
----------------------------------------------------------------------------------------------------------------------------------
(339, 5825)
==================================================================================================================================
density = 0.05
mae
[18.869373575462983, 19.004393198000862, 19.325078040194498, 18.980994851487768, 19.20967148610955, 19.215855109729755, 19.13965143298128, 19.045256168413925, 19.099124103016315, 18.95472928148378, 19.201975450965154, 19.264288375970782, 19.23984125352323, 19.205239754272494, 19.3681238324735, 19.162637815800245, 18.954833131184813, 19.139952585425824, 19.046493063413568, 19.272389469977284]
19.134995098994374
nmae
[0.3970640254188322, 0.39968494064354276, 0.40648480937002224, 0.39920256785047004, 0.40383654075297537, 0.40370636173767804, 0.40230166300728204, 0.40044143343560923, 0.40154842396080614, 0.39861888181035204, 0.4038450241704084, 0.4049085060330366, 0.40444370965294146, 0.4035572238510162, 0.4072319876265975, 0.4027510633109479, 0.39847860905674876, 0.40236345517295546, 0.40047529997117426, 0.4051152600440852]
0.4023029893438741
rmse
[57.151160002874065, 57.72602113537968, 58.6885694729021, 57.75272367747197, 58.588754301246254, 58.39793802309859, 58.457196611544525, 58.62489515099209, 57.92139084476517, 57.66499615801311, 57.67099487695134, 58.484895203257146, 58.65433503299536, 58.46793608060885, 58.24921406893272, 58.42996130533392, 57.60395372906586, 57.80522387707164, 57.85226141051115, 58.94097367877133]
58.15666973208935
==================================================================================================================================
density = 0.1
mae
[15.887701003785837, 15.855250933681488, 16.13053711778839, 16.15321317909986, 16.253576002358525, 15.928910726295184, 15.934911396913538, 15.851216060387987, 15.945033412652371, 15.977854479699197, 15.943594536794615, 15.949608023752829, 15.996014604838981, 16.065388417720126, 16.017173706648997, 16.029788000513445, 15.998859859185302, 15.932138343774344, 15.906392298505242, 16.034988385698593]
15.98960752450474
nmae
[0.33421716221144043, 0.3336431237706907, 0.33926045135805827, 0.3396908924942466, 0.34158186000528207, 0.33456196349545814, 0.3350762645632402, 0.3335216077006425, 0.33522362712946135, 0.33621252943697394, 0.335184630648752, 0.33535278371730604, 0.3363202364052865, 0.3376182739806399, 0.336936433133907, 0.33676887082995166, 0.33605535819695437, 0.3349697048795573, 0.3344700397513098, 0.33713423352621075]
0.3361900023617685
rmse
[47.734189006840744, 47.941252210617066, 48.49830279423166, 48.21529463184727, 48.93949088541066, 48.37115646103144, 48.01291571479502, 47.862470585911396, 48.1957206249986, 47.692126487064535, 48.084892565255316, 48.005116840903284, 48.145014327785326, 48.2362040324414, 47.6427957782014, 48.21688563806438, 47.87940875818569, 47.954557697863486, 47.99288012990507, 48.49992473244217]
48.1060299951898
==================================================================================================================================
density = 0.15000000000000002
mae
[14.632080210687429, 14.601804106884025, 14.61012583369204, 14.581821880803272, 14.774691902993455, 14.557643704536543, 14.604316600081493, 14.563486991391729, 14.551325402553953, 14.594488195604946, 14.588330703378341, 14.64083373273188, 14.732403022129422, 14.634773586105727, 14.55752062729776, 14.76642945305279, 14.603675446583635, 14.668442003208213, 14.634334482792687, 14.727903479504352]
14.631321568300681
nmae
[0.3079840522182252, 0.3073790866485253, 0.3073709520192932, 0.3064583836749979, 0.31061198455918637, 0.30582501603915335, 0.3072212832514697, 0.3066115389697329, 0.30593723028877917, 0.3072508289608334, 0.30666676078047167, 0.3078606309596245, 0.30982071272431755, 0.30755859307655803, 0.30624785134618093, 0.3104223416446066, 0.30665295369845474, 0.3083842458927511, 0.3079507725192132, 0.3094779637264052]
0.30768465914993903
rmse
[43.61984466170479, 44.01705670104507, 44.014811656928806, 43.73424973107611, 44.170322822913384, 43.958921846140754, 44.07849583350303, 43.80875988126856, 43.92451813687905, 43.63484771038856, 43.82451884801661, 44.05030076800126, 44.17958773198163, 43.82530153773502, 43.59638977500155, 44.1031896338666, 43.828067771675656, 43.93603606591824, 43.855497919031905, 44.23515011654222]
43.919793457480935
==================================================================================================================================
density = 0.2
mae
[13.842204246749864, 13.965621391232654, 13.98152743199072, 14.001606940593092, 14.109920399282977, 13.745912194459306, 13.887312952297771, 13.797537804834167, 13.94268005683328, 13.958995077629416, 13.844265753248491, 13.984306179443983, 13.838408030124175, 13.921518440620464, 14.021892544568699, 14.012841817997163, 14.137919467207348, 13.986119671858834, 13.90168143599823, 14.07839186411196]
13.948033185054129
nmae
[0.29142014583896597, 0.2943049792322274, 0.293995124557389, 0.29414015788120296, 0.2966196223265327, 0.2888068443532748, 0.2918979621317847, 0.2907503306014297, 0.29310930399282514, 0.2937409420709483, 0.29100208756902884, 0.2940602737264415, 0.29099765331586486, 0.29260160261751367, 0.2948201732389197, 0.29448447069558054, 0.29696451276346253, 0.29382039314458447, 0.2926436028820386, 0.29584685476302347]
0.29330135188515194
rmse
[41.31216504134684, 41.78517033108646, 41.92268689059607, 41.85239568242458, 42.0037610364695, 41.57541348997367, 41.80720305834189, 41.4516388188306, 42.033810980122844, 41.65177258557301, 41.536387713197115, 41.855512865632186, 41.5425540172553, 41.61461937938863, 41.79870129462462, 41.762910250345435, 41.90520048024631, 41.682348784545276, 41.68135658852797, 42.08449146402864]
41.74300503762784
程序运行时间：1801.9828788994132 秒
