Parameter setting:
----------------------------------------------------------------------------------------------------------------------------------
dataPath:..\DataSet\tpData.txt
program path:C:\Users\Administrator\PycharmProjects\smallPaper\cBiasedMF
outPath:C:\Users\Administrator\Desktop\experiment data201903\tp\2019-03-17BiasedMF339and5825_tp.txt
parallelMode:True
threadNum:25
metrics:['MAE', 'NMAE', 'RMSE']
density:[0.05 0.1  0.15 0.2  0.25 0.3 ]
rounds:20
maxIter:300
dimension:10
lambda:500
etaInit:0.001
numUser:339
numService:5825
method:BiasedMF
debugMode:False
saveData:True
----------------------------------------------------------------------------------------------------------------------------------
(339, 5825)
==================================================================================================================================
density = 0.05
mae
[22.004951278822404, 21.987308862687833, 21.99815735232178, 21.96164955999098, 21.96395036146498, 21.93614147743692, 21.623333527080366, 21.877883035944315, 21.52917015881323, 21.717391303523886, 21.82670749810568, 21.614438349351815, 21.461081983907295, 21.871914823801337, 21.576660474381214, 21.87819370149723, 21.971923762503902, 21.911640604062434, 21.969841847448087, 21.679714036809667]
21.818102699997766
nmae
[0.46265292185381085, 0.4622909228575464, 0.46233994407337176, 0.4620206363829749, 0.461975474974498, 0.4613261227006346, 0.45475427009015074, 0.45962142065078876, 0.452796671906236, 0.4567904480867732, 0.4589535041598767, 0.45436000889037476, 0.4511648834330843, 0.4601657563505405, 0.45337953666188907, 0.4602404538526743, 0.4623819967297705, 0.4605805676998564, 0.46170068014215715, 0.45578751320520716]
0.45876418673511077
rmse
[57.0818415199856, 57.24240088970207, 57.78060893752533, 57.09411025619626, 56.81092354322232, 57.2061382505933, 56.489005358452374, 57.56182759566768, 56.37963118628444, 56.792547682687406, 57.19100748937643, 56.85542425442118, 55.94759600171725, 56.59244853522777, 56.35131521598806, 57.11428977792195, 56.92555436616382, 56.99763570930803, 56.90127485440734, 56.716042926178126]
56.90158121755134
==================================================================================================================================
density = 0.1
mae
[17.774124797300377, 17.827506304097533, 17.893421439960413, 17.99903551768222, 18.03372966092716, 18.096097129061334, 17.592867428222984, 17.79090523160396, 17.72828966932397, 17.840159304764107, 17.81237434329372, 17.818456934041976, 17.546095335741697, 18.038674167751335, 17.602657594918103, 17.842552089662266, 17.738975301851244, 17.550567732198676, 17.923357055989932, 17.83433462988635]
17.81420908341397
nmae
[0.37370972365493965, 0.3748547215577702, 0.37604092420708096, 0.37868183136781863, 0.3794563026632512, 0.3806751714575059, 0.36985097325689104, 0.37387270877050016, 0.3728594416903982, 0.37518476311885113, 0.3745455451379233, 0.37478342557841593, 0.36897085879400177, 0.3793785076006693, 0.3698026771831335, 0.3751245644527047, 0.3734360503689591, 0.36911493495074094, 0.37696273867658253, 0.37502628933275606]
0.37461660769104477
rmse
[48.24080557580951, 48.261907459566, 48.47981328851191, 47.96346615730107, 48.20284606924035, 48.25061602692839, 47.890524705269, 48.02026564423436, 47.908566138383655, 48.543315793791216, 48.4097241989479, 48.35686180384672, 47.714324948420696, 48.44232094302168, 47.93285318890108, 48.31925553540759, 47.809029275491135, 47.43062701398346, 48.231304777540075, 48.41963583019737]
48.14140321873966
==================================================================================================================================
density = 0.15000000000000002
mae
[15.830835916105867, 15.918971225857593, 16.0751489828207, 15.967263002004016, 15.976424963453601, 15.810127995231365, 15.902581316284344, 15.771150617717389, 15.73557467740973, 15.808791269386886, 15.719270090847955, 16.191814904666725, 15.742590894153805, 15.887314127471031, 15.748689982448791, 15.974505313512688, 15.814644039969842, 15.883886708399448, 16.071657304190495, 15.860682585170371]
15.884596295855136
nmae
[0.3327378505469561, 0.3345933179718414, 0.33759867496767043, 0.3359137784638148, 0.3364208869480348, 0.33266306024875125, 0.33424838045266053, 0.3314556913301904, 0.33099681651403584, 0.33249347907282983, 0.330432613516859, 0.34081782414612477, 0.3311056310695458, 0.33417797543853556, 0.3307642669113051, 0.33592534557830694, 0.3327772165516648, 0.3339344744765744, 0.3381245928968925, 0.3339288900028488]
0.33405553835527213
rmse
[44.20529890938882, 44.35554046192891, 44.548463658811755, 43.99380349724097, 43.987629641761316, 43.7463101118736, 44.17450588416, 44.016231339963724, 43.90560330322958, 43.96952113133539, 44.14199674245869, 44.64313101497197, 44.14240220801151, 44.03922460210974, 44.099466968780575, 44.37367595481175, 44.132940554387666, 44.006394411665624, 44.50018224998814, 44.07905970758418]
44.1530691177232
==================================================================================================================================
density = 0.2
mae
[14.916847491012884, 14.765013837400305, 14.923996791010103, 15.073680284401242, 14.812763446199805, 14.824931197671694, 14.942679809738626, 14.644317692744432, 14.813467342078932, 14.82352342526518, 14.899206042189329, 14.904402038668039, 14.81778456066949, 14.943247130150917, 14.748364941031046, 15.028920921496583, 14.684791865019386, 14.860328848326994, 15.123157223093713, 14.817991831877043]
14.868470836002288
nmae
[0.31339510966230605, 0.31030670866031546, 0.3133281135623452, 0.3174201498911306, 0.31189376283961606, 0.31169204863921274, 0.31410103110488036, 0.30758031996397794, 0.31146251384638113, 0.3116422366046878, 0.3129884748419642, 0.3139397252059051, 0.311482470837302, 0.31431009178873215, 0.3095772807603068, 0.3160595970806409, 0.3086936127443859, 0.31225798708915264, 0.3181044845883091, 0.31195990396372825]
0.31260978118376404
rmse
[42.33119662800075, 41.819802691442746, 42.220530031528426, 42.077923316356205, 41.88778068237353, 41.79060246892132, 42.052747885535915, 41.83192380216283, 41.75386809693985, 41.980710409089426, 42.32397780144596, 41.9566018916958, 41.98220597251597, 42.09546600071772, 41.82720427678891, 42.12450483441228, 41.79968490900442, 42.01843919573306, 42.41442686662239, 42.02199534876265]
42.01557965550251
==================================================================================================================================
density = 0.25
mae
[14.157853244527221, 14.033986834471516, 14.11721262267016, 14.275026635477456, 14.216190504746347, 14.086165124406916, 14.168059775208052, 14.124573366789367, 14.12046214246311, 14.05872144915658, 14.270941256275094, 14.192050493438513, 14.141470220653467, 14.106942076664913, 14.054935050634763, 14.489376906279826, 14.258062663435915, 14.175009412197491, 14.281501342858169, 14.015400908631506]
14.167197101549316
nmae
[0.29750118138355447, 0.29519121358221845, 0.2962520818531955, 0.30060195622271063, 0.2992818769047857, 0.2959557523025575, 0.2977812070560219, 0.2969052925763172, 0.2967420381934915, 0.2955315450970517, 0.2995300670071253, 0.2988676165032281, 0.29740191618546225, 0.2967930920447468, 0.29502028569588284, 0.3047397370649919, 0.2996019053923227, 0.2980644210962643, 0.3002099753752168, 0.2951720713813391]
0.29785726164592424
rmse
[40.659863095435156, 40.28022904948913, 40.56633812278334, 40.684022003183756, 40.602069534798375, 40.42734312006536, 40.66913715566976, 40.391446187199485, 40.50950843187508, 40.53794958108656, 40.7926705507953, 40.49954127733939, 40.52297818734996, 40.37636121337321, 40.6009073517442, 40.944736683744686, 40.88596330203384, 40.76471295105934, 40.6071915546174, 40.2937692904853]
40.58083693220643
==================================================================================================================================
density = 0.3
mae
[13.80320813496664, 13.732814780662586, 13.744017645507542, 13.765774523097736, 13.771716026762647, 13.632614991897944, 13.834997575864573, 13.740753206182388, 13.79621512436233, 13.692109389789353, 13.794818882429, 13.645916438271506, 13.673364638980253, 13.677605860380595, 13.702974888775154, 14.032310195517761, 13.787734457000878, 13.83238757283008, 14.04966002148823, 13.758632530589203]
13.773481344267818
nmae
[0.29018135783075305, 0.28901512373241117, 0.28863484105011555, 0.2900926705260097, 0.2896893109393121, 0.28637925401098796, 0.29075991565120407, 0.28898306153937037, 0.29009833632840765, 0.28795829456849575, 0.28949336673091836, 0.28772956818455864, 0.28735480545836944, 0.2879513847833012, 0.28781028761499855, 0.2952811283768702, 0.28949299743948165, 0.2908400769896738, 0.29552733072361154, 0.2896964911285538]
0.2896484801803702
rmse
[39.68692638613174, 39.434778682544724, 39.55329623635216, 39.599757648114974, 39.766335484167, 39.43490346471604, 39.739356031376204, 39.45798773488124, 39.516603857277865, 39.50981319071416, 39.71491655483497, 39.601670307384666, 39.43307923102816, 39.45705448989242, 39.74141897672936, 40.28226160167151, 39.860272760627566, 39.85060304756187, 39.98953517528917, 39.420002065812945]
39.652528646355435
程序运行时间：2839.64398052 秒
