Parameter setting:
----------------------------------------------------------------------------------------------------------------------------------
dataPath:..\DataSet\tpData.txt
program path:C:\Users\Administrator\PycharmProjects\smallPaper\cEMF
outPath:C:\Users\Administrator\Desktop\experiment data201903\tp\2019-03-16EMF339and5825_tp.txt
parallelMode:True
threadNum:25
metrics:['MAE', 'NMAE', 'RMSE']
density:[0.05 0.1  0.15 0.2  0.25 0.3 ]
rounds:20
maxIter:300
dimension:10
lambda:800
topK_U:60
topK_S:300
alpha:700
etaInit:0.001
numUser:339
numService:5825
method:EMF
saveData:True
----------------------------------------------------------------------------------------------------------------------------------
(339, 5825)
==================================================================================================================================
density = 0.05
mae
[20.280853738055246, 20.223992058725283, 20.245209147257246, 20.165256635338448, 20.086209292298026, 20.353843125715137, 20.07426033450514, 20.29092309270677, 20.032072531997873, 20.03901298467705, 20.208358484092653, 20.057746901650013, 20.060585025547923, 20.00676360846121, 20.088052025181167, 20.062678886718803, 19.9998095850165, 20.27443430631993, 20.295324057254746, 20.151822575275094]
20.14986041983971
nmae
[0.4264038634173778, 0.4252165652049193, 0.4254978594336092, 0.42422882115640603, 0.42248028817834343, 0.42804973431180915, 0.422176145717073, 0.4262817788569111, 0.4213100508270107, 0.42148845561400455, 0.4249242328646333, 0.4216365890824957, 0.4217229826267599, 0.42092462329797725, 0.4221001544900914, 0.4220483903884636, 0.42088039218106627, 0.4261666495600974, 0.4265103493236305, 0.4236656019789836]
0.42368567642558325
rmse
[59.260762520879865, 59.17029324511582, 59.75527016488266, 59.01583905592119, 58.72503507650418, 59.51369760434992, 58.64054913366962, 59.74142988675334, 58.89866506050331, 58.52103750419727, 59.54864820273202, 59.334770974588714, 58.37131534124108, 58.665797467876324, 58.79273304309498, 59.17816790022707, 58.29057406290801, 59.27951023098624, 59.15901294131767, 59.222578314781806]
59.05428438662657
==================================================================================================================================
density = 0.1
mae
[15.850803882259065, 15.925574230050525, 15.847888356376757, 15.757633553694877, 15.82951839998757, 15.839934120210206, 15.831058673486263, 15.790791483601346, 15.688548021838997, 15.793226106666637, 15.789608433200437, 15.762473765645128, 15.720619773676939, 15.873288763385442, 15.683340515783925, 15.83990449441023, 15.778846186765644, 15.707020890569943, 15.810473949253648, 15.860698751754517]
15.799062617630904
nmae
[0.3332709546096686, 0.33486324962235897, 0.33305282638420536, 0.3315249601165611, 0.3330764427512424, 0.333213819205412, 0.33281285623075113, 0.3318406741393181, 0.329959819332022, 0.3321370451064213, 0.33201230695861594, 0.33153902918451655, 0.33058355535387574, 0.33383742872485905, 0.3294810047084021, 0.3330205928265585, 0.332171949004864, 0.33034236172634274, 0.332524735241695, 0.3335240210827578]
0.3322394816155224
rmse
[48.37194749652539, 48.51630654287526, 48.52712114621319, 47.95978816959813, 48.41481811744227, 48.35077387516194, 48.413482892249434, 48.418513936600675, 48.14582961078602, 48.30321194528351, 48.538496037090034, 48.527828877088844, 48.008032370678194, 48.48666431058298, 48.10765753509879, 48.553590544055304, 48.02119159676459, 48.04392512621895, 48.34638046439429, 48.65418249090634]
48.335487154280706
==================================================================================================================================
density = 0.15000000000000002
mae
[14.343184733069753, 14.37635527255608, 14.370451534062802, 14.32027832941464, 14.254582013325006, 14.24381678353414, 14.324674280356113, 14.225966368681277, 14.242885971849976, 14.312426226906714, 14.302002247919415, 14.256639808701594, 14.234391865018889, 14.343696021547025, 14.247358368364447, 14.391756622299983, 14.298791317293878, 14.217557889831188, 14.40932934511365, 14.255574565356547]
14.298585978260155
nmae
[0.3014698960542009, 0.3021698037353778, 0.3017978496977791, 0.301265082292652, 0.3001634680453353, 0.2997060923391753, 0.3010831438929961, 0.2989811987639079, 0.29959820415219823, 0.3010216473268667, 0.3006404212149443, 0.30008476429879943, 0.2993844744519499, 0.30170910314526367, 0.29923232036357333, 0.3026419736913858, 0.3008801186163937, 0.29890245438293367, 0.30315159952193876, 0.3001351401744366]
0.3007009378081054
rmse
[44.11953466273441, 44.276073273091555, 44.191692747184455, 43.788913998983745, 43.880468802632656, 43.62025129729161, 44.120662414465585, 43.9808586374525, 43.88766396093254, 43.99294902610719, 44.21895432284292, 43.9710846676467, 43.86447640491001, 43.96964869848554, 43.927058443512294, 44.24374119108669, 43.97880037487021, 43.935738545814516, 44.13721852074831, 43.800946492076086]
43.99533682414348
==================================================================================================================================
density = 0.2
mae
[13.57881358627447, 13.544513282782424, 13.546903078909867, 13.539669479383237, 13.413413731993279, 13.556614211552292, 13.603822541362911, 13.404416820475163, 13.429299779143212, 13.545412340374064, 13.557561607295266, 13.505281012701714, 13.5125701980344, 13.562867907515086, 13.468921123563556, 13.657809424686977, 13.500817161176535, 13.516861968918121, 13.653454634177322, 13.48360482589358]
13.529131435810672
nmae
[0.28528372201421087, 0.2846562409944993, 0.2844161417190619, 0.28511709380420297, 0.2824294127554739, 0.28502586621608245, 0.2859577225515512, 0.28153819802850893, 0.2823595159606697, 0.2847718775343317, 0.2848044733409018, 0.2844692594145163, 0.2840457516043195, 0.2852757650195178, 0.2827209655361541, 0.28722499548163766, 0.283804909377889, 0.28402790767658376, 0.28719037203571124, 0.2838673495231501]
0.2844493770294487
rmse
[41.876001679383215, 41.67149109743432, 41.68808375482112, 41.39222490422093, 41.4359328513958, 41.41679932554904, 41.84224239889974, 41.52961269980613, 41.48460254303806, 41.58365083698145, 41.91490937749939, 41.563459042093626, 41.61165059285822, 41.55951227912988, 41.60207805590545, 41.77651704844847, 41.68332316693109, 41.71867411641767, 41.67692076205287, 41.46072874482484]
41.624420763884565
==================================================================================================================================
density = 0.25
mae
[13.183993003533532, 13.109915192287918, 13.109477962962778, 13.132354234574182, 13.058987877633907, 13.035907532843186, 13.14415326992796, 12.995792178955183, 13.02584826935296, 13.08852011506857, 13.101658303997587, 12.98881509276232, 13.09577116508531, 13.065075942837305, 13.131307917849014, 13.274607527151229, 13.11577966110839, 13.110545813861405, 13.209351358018958, 13.055375946208795]
13.101661918301023
nmae
[0.27703730404324584, 0.27575426863489466, 0.27510460048605107, 0.27653968525086126, 0.2749202327578723, 0.2738894359646818, 0.2762609622312261, 0.2731777717425512, 0.27373868685382224, 0.2751367246750672, 0.27498820990348344, 0.27352891745768426, 0.2754103624059198, 0.274873481850352, 0.27563287909391393, 0.27919077774226153, 0.27559933421045923, 0.2756814570367783, 0.2776724204767553, 0.2749534163044382]
0.275454546456116
rmse
[40.51416180154078, 40.20777941616771, 40.24895508453477, 40.10617788821287, 40.07544976235216, 39.949594526514936, 40.38080354215923, 39.97178095665329, 40.05735829403062, 40.104518567090544, 40.464077245280876, 40.0296192069474, 40.15388833907372, 39.99324412558952, 40.328079862743564, 40.442172643837694, 40.3725551836042, 40.26761486431663, 40.16540696522569, 39.986930303453946]
40.191008428966505
==================================================================================================================================
density = 0.3
mae
[12.8111666209977, 12.891981399104449, 12.979457118257573, 12.88858627391016, 12.767555638643955, 12.771169734339068, 12.89423796230082, 12.787291149254601, 12.729784515935131, 12.859113510533094, 12.798604533438464, 12.774457785654297, 12.824150819919714, 12.78587589244667, 12.905337069902071, 13.012739528946012, 12.952655509777445, 12.929354006403994, 12.908034901885715, 12.736757982333028]
12.8504155976992
nmae
[0.2693259196794773, 0.27131929314773323, 0.272578487518867, 0.27160726810031344, 0.2685667049880015, 0.2682829423072076, 0.270988666369235, 0.26893071214205744, 0.2676740886252738, 0.27043958609600177, 0.2685871519895082, 0.2693545163554997, 0.2695080151319396, 0.26917800574749107, 0.27105711015347417, 0.27382635915566034, 0.27195933313195886, 0.2718528739055509, 0.27151383689051184, 0.2681802924550863]
0.27023655819454245
rmse
[39.274156333169344, 39.19219466178851, 39.30485777851852, 39.09159787942284, 39.212969001029236, 39.02364725814523, 39.42199225671377, 38.95975234080023, 38.98311839933879, 39.18856380580988, 39.43296383035577, 38.99229571928676, 39.12390346914471, 38.98279689046495, 39.410162486214254, 39.474436105023095, 39.45276639566349, 39.37666716819569, 39.122187348155705, 39.01366388716217]
39.20173465072015
程序运行时间：5352.042663872 秒
