Parameter setting:
----------------------------------------------------------------------------------------------------------------------------------
dataPath:..\DataSet\tpData.txt
program path:C:\Users\Administrator\PycharmProjects\smallPaper\cNIMF
outPath:C:\Users\Administrator\Desktop\experiment data201903\tp\2019-03-18NIMF339and5825_tp
parallelMode:True
threadNum:25
metrics:['MAE', 'NMAE', 'RMSE']
density:[0.05 0.1  0.15 0.2  0.25 0.3 ]
rounds:20
maxIter:300
dimension:10
topK:10
lambda:800
alpha:0.4
etaInit:0.001
numUser:339
numService:5825
method:NIMF
saveData:True
----------------------------------------------------------------------------------------------------------------------------------
(339, 5825)
==================================================================================================================================
density = 0.05
mae
[19.19670538685724, 18.94620476653958, 19.149012853393945, 18.95135382250479, 18.97143524712438, 19.024390782763643, 18.76108982742866, 19.012941150852683, 18.791044474328245, 18.717746764671542, 18.988075755169778, 18.878318373097375, 18.81027841592445, 18.805690714479383, 18.83702185728176, 18.924059140845767, 18.86744573456794, 19.050558159748483, 19.176617987008573, 18.86802453717824]
18.936400787588326
nmae
[0.40360970241019234, 0.3983506367636902, 0.40245886916360346, 0.39869120620810883, 0.3990328545185094, 0.4000908020027735, 0.39455922463958965, 0.39943330020310447, 0.3952090274197042, 0.3936977426207593, 0.39926516199681983, 0.39684366372134194, 0.3954384534399566, 0.39565511117964036, 0.3958128854965543, 0.3980958248450677, 0.3970506782309143, 0.4004408912488882, 0.40300051447373547, 0.3966754343850573]
0.39817059924840054
rmse
[56.746356843245465, 56.51317500282445, 57.36415625003355, 56.4139327741867, 56.433444526349966, 56.7800319903935, 55.836284013348354, 56.842568313173246, 56.259133434857794, 55.90412933253732, 56.887584245566764, 56.780392267967805, 55.766234898175526, 56.14780437596111, 56.032579192635, 56.71009401884541, 56.00878784039382, 56.52098100898132, 56.53955996281655, 56.43294572718898]
56.44600880097413
==================================================================================================================================
density = 0.1
mae
[15.252494608375946, 15.34024620549098, 15.231355089074807, 15.04659171653172, 15.111186213204169, 15.129295061352224, 15.047616303011662, 15.106346131046083, 15.030216890287816, 15.11279037068694, 15.172342302865685, 15.092667540993704, 15.081770668202985, 15.150533473879522, 14.985184743753827, 15.126055565211038, 15.127103202007477, 15.038131183402541, 15.191621459551978, 15.207190185732161]
15.129036945733162
nmae
[0.32069120759241976, 0.3225556969044672, 0.32009601203662186, 0.3165653460410422, 0.31796167277266085, 0.31826459321232653, 0.31634272000123115, 0.3174571768054871, 0.3161138712605439, 0.31782724461304956, 0.3190328874367907, 0.3174507008697896, 0.31714941524599966, 0.3186368757050898, 0.3148139084364094, 0.3180125229436617, 0.31845163416467326, 0.3162746013827641, 0.3195090748034179, 0.3197818267341203]
0.31814944944812834
rmse
[47.06660466868599, 47.20782380835811, 47.22721665633659, 46.497899474787665, 46.88362722949056, 46.89328986883584, 46.86788258258352, 46.9387116573465, 46.75215812425394, 46.94625567090109, 47.08528749014114, 47.18360847645212, 46.75144787867292, 46.965137726950694, 46.635030821295096, 47.099767285797455, 46.636033861533534, 46.58557334502396, 47.11708648328381, 47.32916609697286]
46.93348046038516
==================================================================================================================================
density = 0.15000000000000002
mae
[13.886847736963785, 13.886357917674149, 13.800786344615416, 13.821948235782068, 13.675547831456065, 13.756245476731827, 13.80522389666549, 13.79241898194589, 13.781365246243649, 13.749497863654167, 13.764932150401991, 13.720349439157419, 13.752189554271835, 13.807780135183489, 13.69209043528454, 13.907654488740624, 13.757323304774388, 13.762979470232443, 13.808635508115056, 13.714960986341612]
13.782256750211795
nmae
[0.29187845110372446, 0.2918707813650714, 0.28983415260618933, 0.2907813854528533, 0.28797055295430674, 0.2894470379495295, 0.29016507681816783, 0.2898695142534994, 0.28989014492572146, 0.2891820318384226, 0.289350744598995, 0.2887965104535873, 0.28924256696819584, 0.2904365063757037, 0.2875702207839121, 0.29246186649435335, 0.2894863611848264, 0.2893456369336612, 0.29051386370872784, 0.28875312736436276]
0.2898423267066905
rmse
[43.35152876297956, 43.52835357183405, 43.243217360238226, 43.01690446265336, 42.94064883394977, 42.942512100322375, 43.20752654341726, 43.34556121136551, 43.14848598551547, 43.18178082473696, 43.316987285220506, 43.168881609381735, 43.11259999143623, 43.11058004844768, 43.02190120568651, 43.35134487775605, 43.06261943093678, 43.10825809569396, 43.11360060900765, 42.889128839137406]
43.158121082485856
==================================================================================================================================
density = 0.2
mae
[13.205193046892967, 13.209676986690216, 13.144786893164015, 13.258560764639787, 13.059479965607196, 13.235398552965625, 13.214473762262697, 13.105972480597181, 13.161814850107934, 13.18266024645093, 13.175955025731065, 13.25613430302716, 13.110437864285089, 13.191911597274862, 13.131678146934766, 13.317294159613246, 13.111060442110956, 13.239099122200495, 13.259747129991396, 13.10880627897549]
13.184007080976153
nmae
[0.27743415125322396, 0.27761920397410744, 0.2759737447072554, 0.279197532775573, 0.2749770737915061, 0.2782723531410541, 0.27777345744435805, 0.27526985507958557, 0.27673547626155787, 0.2771455615337404, 0.276788042021325, 0.2792213434385343, 0.27559258693540717, 0.27747322311509054, 0.2756420273570617, 0.28006392796114304, 0.27561171121712, 0.2781913162868876, 0.27890902437463116, 0.27597679862874447]
0.2771934205648954
rmse
[41.26541258730156, 41.397447224057025, 41.25530074210156, 40.95486754698681, 40.933181173732635, 41.02234258637903, 41.261883212794196, 41.17318191045383, 41.16771994928763, 41.278487138356816, 41.41576288601668, 41.12725624409926, 41.10951477129727, 41.05503982920448, 41.22968534465099, 41.20000023965783, 41.174953859994176, 41.30925064477445, 41.28271758465193, 41.11220285298954]
41.18631041643938
==================================================================================================================================
density = 0.25
mae
[12.747400985741272, 12.817212676282033, 12.85957780966598, 12.967640097038496, 12.725760068076715, 12.849170105890803, 13.10705655825713, 12.747064591577681, 12.74679175948837, 12.832876148792474, 12.819779431807536, 12.851861950873973, 12.748237629533898, 12.843291510366381, 12.727282691925797, 13.022037044971219, 12.858239750341472, 12.966464215999707, 12.824181191515732, 12.7028559950774]
12.838239110661203
nmae
[0.26786312778696664, 0.26959755693654003, 0.2698604037279232, 0.27307115288135175, 0.2679050591607085, 0.2699660107322899, 0.27548127159225244, 0.2679493988080627, 0.2678743038985817, 0.2697627753709613, 0.26907190796104125, 0.27064484801981675, 0.26810156510274086, 0.270207404175778, 0.26715218265876195, 0.27387872996907153, 0.27018769801543757, 0.2726517872278597, 0.2695757979000941, 0.2675291517502491]
0.26991660668382444
rmse
[39.90397499873368, 40.00895331998094, 39.912674192699654, 39.9484266352743, 39.69356224255959, 39.74343760806314, 40.280693811227415, 39.68628455280667, 39.74435265184155, 39.81192058128441, 40.15316123424805, 39.756917293253935, 39.87033226863104, 39.670353614705824, 39.93896593436842, 39.947540501590574, 40.04993834578049, 39.9670189045642, 39.79255641619302, 39.768472928630715]
39.882476901821875
==================================================================================================================================
density = 0.3
mae
[12.462515903013077, 12.643835003310219, 12.772289657000464, 12.739123894992863, 12.61799352358869, 12.606103173838493, 12.733825248811653, 12.563155422836171, 12.576766177020408, 12.671788213541708, 12.676557708646223, 12.64143635476531, 12.580633853039402, 12.521981859847843, 12.583295513624657, 12.69848036719823, 12.67651102354166, 12.788278905848799, 12.584613045039875, 12.466374138381997]
12.630277949394387
nmae
[0.2619963237069908, 0.266096907028814, 0.2682278130077464, 0.26845757677197307, 0.26542065216722094, 0.2648154022581115, 0.2676173909651208, 0.2642168927866813, 0.2644565129969763, 0.2664999540411043, 0.2660259189273672, 0.2665497066498183, 0.264390344939468, 0.26362230741120585, 0.264293113744774, 0.2672134209729443, 0.26616128884149953, 0.2688866258235935, 0.264710825436488, 0.2624871939094048]
0.2656073086193652
rmse
[39.03083403112786, 39.083835087720516, 39.02112594756278, 39.00179107751521, 38.98091201874494, 38.86491378170799, 39.1943834753223, 38.78640449007931, 38.849538448879684, 38.99063791496639, 39.23793371304002, 38.88558214648951, 38.90131579840452, 38.81844906090694, 39.22701602481471, 39.186612185783645, 39.25094012009869, 39.19082660833979, 38.91004044313719, 38.87560381818868]
39.01443480964153
程序运行时间：18392.22239754 秒
