Parameter setting:
----------------------------------------------------------------------------------------------------------------------------------
method:UPCC
dataPath:..\DataSet\rtData.txt
program path:C:\Users\Administrator\PycharmProjects\PaperNew\cUIPCC
outPath:C:\Users\Administrator\Desktop\experiment data201903\2019-03-16UPCC339and5825_rt
parallelMode:True
threadNum:25
metrics:['MAE', 'NMAE', 'RMSE']
density:[0.05 0.1  0.15 0.2  0.25 0.3 ]
rounds:20
topK:10
lambda:0
numUser:339
numService:5825
saveData:True
----------------------------------------------------------------------------------------------------------------------------------
(339, 5825)
==================================================================================================================================
density = 0.05
mae
[0.6371920476503654, 0.6405991462862377, 0.6452723015223493, 0.635356664367413, 0.6385932115677685, 0.6346294347148573, 0.6366989756659115, 0.639115235901328, 0.6352486585842378, 0.6370920290570908, 0.6361873331385284, 0.6393093417852244, 0.6327116196408392, 0.641735947447129, 0.6295512711832246, 0.631296836546774, 0.6349859745956653, 0.6345010844568667, 0.6361304446240569, 0.642173425312082]
0.6369190492023974
nmae
[0.7011241050919171, 0.7049123430571826, 0.7107764519754952, 0.6997596080779102, 0.7034241949795953, 0.6984151200151518, 0.7008909631542055, 0.7033759753479806, 0.6989251246590077, 0.7012569162014588, 0.700303810115951, 0.7036682035737974, 0.6966443727101335, 0.7065551818291542, 0.6925380879062429, 0.6948386689911589, 0.6989533307102703, 0.698326858333744, 0.7000599428168138, 0.7069474194452917]
0.7010848339496232
rmse
[1.3865510012859321, 1.3869647960909628, 1.387973353926709, 1.3825891905738832, 1.3952361948186862, 1.3821641847720445, 1.3878326669959293, 1.3840741039628552, 1.387652022982869, 1.3851192650239725, 1.3832902044471038, 1.3836070338960609, 1.3863474273657292, 1.3842706913880667, 1.3871048433716053, 1.3843159105232503, 1.3851602745313165, 1.3793842413613027, 1.384588661047795, 1.3857554319321352]
1.3854990750149105
==================================================================================================================================
density = 0.1
mae
[0.5513561476860245, 0.5544683385735453, 0.5559501629465292, 0.5556560263565231, 0.5515369485284836, 0.5569301109839206, 0.5533864198772329, 0.5584732307466248, 0.5478530698053595, 0.5561122707497214, 0.5554223764014892, 0.5533599899283059, 0.550772976770616, 0.5568680056063231, 0.5529089191594135, 0.5593935621177318, 0.553542797502196, 0.5519527878910232, 0.5505270588846248, 0.5568215591631239]
0.5541646379839407
nmae
[0.6067922378557855, 0.6099741241532359, 0.611985979551946, 0.6120542071438665, 0.6076718998976214, 0.6129057148577353, 0.6091826036348994, 0.6148953720596239, 0.602565752661701, 0.6118627573723259, 0.6112015358829026, 0.6087639177491949, 0.6065152763700398, 0.6127576092699458, 0.6086006931289007, 0.6154321028906298, 0.6093282897754658, 0.6076988548795087, 0.60558995323085, 0.6131397178722962]
0.6099459300119238
rmse
[1.3109254299445692, 1.3089486549653437, 1.3124999169502, 1.3094795752288004, 1.3156012250643823, 1.312150931770038, 1.314965737174972, 1.3094412348943247, 1.3088747975891555, 1.3108286708074621, 1.314578041713252, 1.309460489877587, 1.3155729363071473, 1.3128752669622454, 1.3100353393394408, 1.3176828799787434, 1.3125524499432777, 1.306109180981782, 1.3149462944521788, 1.312506528935693]
1.3120017791440297
==================================================================================================================================
density = 0.15000000000000002
mae
[0.5124169903535155, 0.5119419421270639, 0.5158094062048315, 0.5137228404632688, 0.5111309413705258, 0.5152612893271277, 0.5139219028494466, 0.5170340747538986, 0.512652005714459, 0.5150991024381241, 0.5135877790569798, 0.5139376096127818, 0.5107147239316712, 0.5154525762323439, 0.5137876821864951, 0.5175994544433654, 0.511289839146091, 0.5116227266167201, 0.5140119457156015, 0.515375668950054]
0.5138185250747183
nmae
[0.5640965732078472, 0.5631033801679474, 0.5683081302141917, 0.5661520309904429, 0.5632126823748053, 0.5673730129561889, 0.5653286056063968, 0.5696036209095504, 0.5638879559633317, 0.5669860881862298, 0.5651212866040793, 0.565604923913037, 0.562888872655005, 0.5672582285803545, 0.5655419901934161, 0.569728415841004, 0.5630219631808348, 0.5635363843747709, 0.5658282860018838, 0.5680208906055074]
0.5657301661263413
rmse
[1.2618551012787913, 1.2594359245787436, 1.2588030769128786, 1.2590952605566736, 1.2632447650414875, 1.2604899994422096, 1.2615628830783248, 1.2593393667020079, 1.2641981388675507, 1.2602658700197191, 1.2634994665210086, 1.2595389722546328, 1.2656167736626094, 1.2614796703125966, 1.2597364635486041, 1.264050347542207, 1.257855698344858, 1.2569429193927637, 1.2611096768178014, 1.2604064618464883]
1.260926341836098
==================================================================================================================================
density = 0.2
mae
[0.4860197471375194, 0.4850867853607325, 0.486602348837279, 0.48672288288058235, 0.4845935925983643, 0.48539472545500695, 0.4857815531365732, 0.48902634304584686, 0.48676482230862667, 0.486148372829485, 0.48502688418204193, 0.48527209228263174, 0.48355685941472715, 0.48498929480558456, 0.48702354915245594, 0.4881548722416171, 0.4861991191074684, 0.48532115153662064, 0.483403027334759, 0.4874436862536102]
0.4859265854950766
nmae
[0.5352026327009681, 0.5340446157407535, 0.536372342338152, 0.5363242298324411, 0.5337695115574372, 0.5342139401937491, 0.5340472543541437, 0.5388376984875922, 0.5350372542981292, 0.5349138544101973, 0.5337177432524873, 0.5342272646173148, 0.5330912114908128, 0.5336053956606334, 0.5361618067928389, 0.5373028474900817, 0.5351963398001874, 0.5346112740265566, 0.5319523735103633, 0.537330532121704]
0.5349980061338271
rmse
[1.2217258619179225, 1.2190367507832698, 1.215246542961028, 1.2186989947362832, 1.2229905026045085, 1.2207153716141792, 1.2226399007066147, 1.2167797393097446, 1.2255100659468647, 1.2193338883704419, 1.2227235752686203, 1.220753250322129, 1.22644641969289, 1.2210805923480281, 1.2199331895071064, 1.2217288576431249, 1.2238739516415233, 1.2205585864459056, 1.220953168993224, 1.2209462371000703]
1.2210837723956736
==================================================================================================================================
density = 0.25
mae
[0.4654144515960344, 0.46584557581737424, 0.4666253012379369, 0.4674253314568755, 0.4673577921537761, 0.46645950190985913, 0.4676107108592749, 0.46835002342823934, 0.4676867997640883, 0.46484568737234194, 0.4659599179356902, 0.4645250860504354, 0.4645420965111313, 0.46268565358800584, 0.46753382891889705, 0.4691895267104585, 0.46686146752823876, 0.46805509344532276, 0.4653930940186523, 0.46629470620061586]
0.46643308232516245
nmae
[0.512084487222992, 0.5125216238396492, 0.5141175068761329, 0.515360928232003, 0.5147974800953943, 0.5134701497277774, 0.5136351749857022, 0.5161783393405416, 0.5140049861395624, 0.5114633372638386, 0.512395988846144, 0.5111320032054931, 0.5117474095858657, 0.5091598977133294, 0.5145333844792355, 0.5164618010790283, 0.5140572926430099, 0.5154497848585161, 0.5118744335491254, 0.5141375023982567]
0.5134291756040799
rmse
[1.1906740400843048, 1.1902511495405594, 1.1884093352590095, 1.19207007188159, 1.1943436776419087, 1.190885246166038, 1.196626978691566, 1.186999671532373, 1.1977592912947603, 1.1893607716857064, 1.1947808233632815, 1.189305919313952, 1.195687894221514, 1.1878141894179723, 1.1922509844641478, 1.19353724538372, 1.1933785829192638, 1.1962443704560979, 1.19198248682795, 1.1885091253966407]
1.1920435927771178
==================================================================================================================================
density = 0.3
mae
[0.45215481683332354, 0.4538499706540363, 0.4517632095708082, 0.4553679266588346, 0.4550825462036489, 0.4543469160628154, 0.4542152195726381, 0.4555578664605931, 0.4552495159331233, 0.4517939666688518, 0.45439465875717794, 0.45190878587687433, 0.45152902771386016, 0.44986800741271693, 0.45449026374221296, 0.4543092506400519, 0.454435722138656, 0.45360663630876286, 0.4521611720105297, 0.45392214817765797]
0.4535003813698587
nmae
[0.49758711474858863, 0.4994763409681405, 0.49780879474965267, 0.5021373851463893, 0.5007998998167049, 0.5005085371106052, 0.49922333618571735, 0.5022745659839595, 0.5004480200118272, 0.4970377217064129, 0.49983702433950505, 0.4979236929022063, 0.4976107475479828, 0.4944213776541335, 0.5002769317195137, 0.5002397057483312, 0.5004544484138076, 0.49967056548898403, 0.4976485135855089, 0.4998278608070836]
0.4992606292317527
rmse
[1.1693427257856246, 1.1706770594304645, 1.1657635693464634, 1.171105926166696, 1.1751344776328443, 1.1722651273699656, 1.1745293202570142, 1.1644293111612027, 1.1761810684349288, 1.1702210824546668, 1.1746133872745748, 1.1675750844980466, 1.1720964050522102, 1.168367113261289, 1.1718479979307566, 1.1724798507290157, 1.1744574455687147, 1.1717626387224238, 1.1705529029160173, 1.1693403102113784]
1.1711371402102146
程序运行时间：93.55642281300001 秒
