Parameter setting:
----------------------------------------------------------------------------------------------------------------------------------
method:IPCC
dataPath:..\DataSet\rtData.txt
program path:C:\Users\Administrator\PycharmProjects\PaperNew\cUIPCC
outPath:C:\Users\Administrator\Desktop\experiment data201903\2019-03-16IPCC339and5825_rt
parallelMode:True
threadNum:25
metrics:['MAE', 'NMAE', 'RMSE']
density:[0.05 0.1  0.15 0.2  0.25 0.3 ]
rounds:20
topK:10
lambda:1
numUser:339
numService:5825
saveData:True
----------------------------------------------------------------------------------------------------------------------------------
(339, 5825)
==================================================================================================================================
density = 0.05
mae
[0.6364502981316147, 0.6388598210915305, 0.6405921296235058, 0.6381414823999609, 0.6352844293037095, 0.6356193094209385, 0.6385199736196848, 0.63461310258307, 0.6369152504957484, 0.6357517040194288, 0.6334754123772517, 0.6397959723641381, 0.6356770028773798, 0.6398706905682887, 0.6350791582461991, 0.6304109814995928, 0.6361412096948915, 0.6355979561714721, 0.6312260737904303, 0.6392805696242035]
0.636365126395152
nmae
[0.7003079328414094, 0.7029983976430382, 0.7056211772658149, 0.7028267092579447, 0.6997794999557563, 0.6995044855942291, 0.7028955541124164, 0.6984211687090645, 0.7007587734889072, 0.6997815999837853, 0.6973185755114119, 0.7042038229412731, 0.6999093950055002, 0.7045015226591641, 0.698619041931733, 0.6938636500994606, 0.7002249421358168, 0.6995340666383778, 0.694662695138517, 0.7037627705906938]
0.7004747890752158
rmse
[1.407686684422614, 1.4120503639138158, 1.4073744010548699, 1.4057093039734505, 1.4121890810363191, 1.4047062436340634, 1.4097241903660547, 1.4054939145538858, 1.4098141651991105, 1.4078004564696294, 1.404193072224512, 1.404101897125951, 1.4087346184083216, 1.4093003973994191, 1.407855775295399, 1.4025470246756566, 1.404867405534556, 1.4053984786888831, 1.4020225739379428, 1.4048859644584053]
1.406822800618643
==================================================================================================================================
density = 0.1
mae
[0.5960678910198624, 0.5981707958191529, 0.5948642387824444, 0.598100747488696, 0.5932197143169619, 0.5959491826595192, 0.5985110473806886, 0.5970413283102777, 0.5940718384514941, 0.5955980381777295, 0.5939582578002444, 0.5949188425435805, 0.594359850139654, 0.5959236993960406, 0.5963388400724339, 0.5919563018207687, 0.5925005170825256, 0.5947181329041706, 0.5885196524313898, 0.5970069168733791]
0.5950897916735507
nmae
[0.6559995223121889, 0.6580514736197788, 0.6548223170620976, 0.6588069982731868, 0.6535971013682607, 0.6558464924288521, 0.6588570030838568, 0.657359976261564, 0.6534002713516293, 0.6553069894208156, 0.65360744334763, 0.6544837572672523, 0.6545134637584853, 0.655733095945481, 0.6564050946393363, 0.6512568901753688, 0.652212129566264, 0.6547834095065757, 0.6473825092511089, 0.6573895111563328]
0.6549907724898033
rmse
[1.348248171525709, 1.3498605842738947, 1.3449437086773968, 1.3447415106449008, 1.3486472397153024, 1.3489020092024575, 1.3503523576576877, 1.3461919247546792, 1.3461804094614866, 1.3476387494650075, 1.3468604642296556, 1.3432857028468272, 1.3492982662700153, 1.3480926219321943, 1.3436838879299187, 1.3464211041488123, 1.34483240298239, 1.3436225660319516, 1.3425788465086586, 1.3463739931570347]
1.346537826070799
==================================================================================================================================
density = 0.15000000000000002
mae
[0.5120222803113519, 0.5116006619733641, 0.5108199874011545, 0.5126800411991372, 0.5093410422335044, 0.5133184360069462, 0.5127721794020048, 0.5141644062888769, 0.5105358585260056, 0.5112489289862194, 0.513177205472, 0.5090357015416817, 0.512284407664974, 0.5100862560709734, 0.5104205753435568, 0.5110883154443912, 0.509173449908875, 0.5109468776712063, 0.5099092608741445, 0.5131153018648442]
0.5113870587092606
nmae
[0.5636620548636339, 0.5627279938353993, 0.5628108918213595, 0.5650028063992781, 0.5612404012770514, 0.565233666250282, 0.5640638773475476, 0.566442178311663, 0.5615603147967834, 0.5627480788905407, 0.5646695159778088, 0.5602102158984352, 0.5646189138417202, 0.5613525654619652, 0.5618357115667169, 0.5625615209083277, 0.5606914384334973, 0.5627919579618612, 0.5613120191112074, 0.5655296287897296]
0.5630532875872405
rmse
[1.2657571448887728, 1.265023385790139, 1.2616489062845104, 1.2632443861093665, 1.2640439407937225, 1.266277446243118, 1.2646914350352578, 1.2649564994110722, 1.2686635853800154, 1.2627677898434013, 1.267785219674822, 1.2598781649253472, 1.270109871935914, 1.2642126603056516, 1.2628453172877625, 1.2646196645342027, 1.263169257715338, 1.2624367107063068, 1.2634678858774677, 1.2661822516662171]
1.2645890762204202
==================================================================================================================================
density = 0.2
mae
[0.4577421551040433, 0.45519640633013153, 0.4549693997721345, 0.45863313781677845, 0.4550799361427601, 0.46078360109732297, 0.45770507888462336, 0.45957435707992034, 0.4562031307703604, 0.4569723448828827, 0.4574810730884011, 0.4552109800263468, 0.45825252460993926, 0.4570512589994145, 0.45513626019979864, 0.45636667134306924, 0.45587308073933835, 0.45746370482232623, 0.4562601734366735, 0.4573640127927275]
0.4569659643969496
nmae
[0.5040634829197185, 0.501137522689616, 0.5015039553982262, 0.5053718924400147, 0.5012608481512363, 0.5071275195422016, 0.503181191430624, 0.5063857854987639, 0.5014447620350527, 0.5028111828030445, 0.5034066643980636, 0.5011335301383995, 0.5051947640836133, 0.5028668065618609, 0.5010572487312528, 0.5023141751842102, 0.5018141634501811, 0.503924573000026, 0.5020834965309631, 0.5041723901607187]
0.5031127977573894
rmse
[1.2087794205140319, 1.2059231523552494, 1.2052855091861645, 1.2076465647228198, 1.2091441813609036, 1.2123758687924266, 1.211255995910185, 1.2093819158529742, 1.213532049665589, 1.2066566581061364, 1.211313718343381, 1.2080085010309056, 1.2130553047132573, 1.212572219690646, 1.207736149483049, 1.209619850147495, 1.2078663857026726, 1.207861358186849, 1.2124625288791147, 1.2108047236777586]
1.2095641028160804
==================================================================================================================================
density = 0.25
mae
[0.43287008077967254, 0.43480834664965723, 0.43222458132833014, 0.43228882573355953, 0.43363634585828265, 0.4368731459978453, 0.4330245554699582, 0.43286473882218957, 0.4317136315437861, 0.4335211514510088, 0.43465339351750376, 0.4318871220157678, 0.43445109203896726, 0.43465327632679773, 0.4359417756764345, 0.4345876284387486, 0.4328341471685942, 0.434403438381588, 0.43383164419436304, 0.4335477408941961]
0.43373083311436256
nmae
[0.476276687563267, 0.4783745761519885, 0.47621554933600174, 0.47662108897691147, 0.47765309977364656, 0.480902026369071, 0.475644886134469, 0.4770692662910688, 0.4744691518124025, 0.4769973798164741, 0.47796955661639473, 0.4752193938792075, 0.4785986514730524, 0.4783118214259081, 0.4797654916080819, 0.47837365612947425, 0.4765900922064752, 0.4783906039936008, 0.47716077007102126, 0.4780306310787239]
0.4774317190353621
rmse
[1.1757974717324138, 1.1786513428134089, 1.1774058962945406, 1.1750468492246948, 1.1777288691603824, 1.1782797860641463, 1.180105284512829, 1.1715832243334445, 1.180045491461954, 1.1749617622348778, 1.180969463976407, 1.1768301652135307, 1.179549367322057, 1.1783964025108957, 1.1795398737002167, 1.1776331016025636, 1.176707891736212, 1.1774312215469889, 1.181426920352703, 1.178796654658222]
1.1778443520226243
==================================================================================================================================
density = 0.3
mae
[0.4153830833739322, 0.4177656274463803, 0.41392800646683514, 0.4138731460220582, 0.41682827787981497, 0.41713843829598857, 0.41625943007395494, 0.41452470185936363, 0.4161374670579948, 0.4158202594564818, 0.41671579831524996, 0.41361751088515647, 0.41613452308438575, 0.41836627254917713, 0.418550308485164, 0.4169788177262884, 0.41635946396959445, 0.41664081149402377, 0.41592618555828914, 0.4170139268003077]
0.41619810284002207
nmae
[0.45712057524668287, 0.4597643725270595, 0.4561172703907063, 0.4563808014558026, 0.4587026277856121, 0.45951968010114713, 0.45750651331279907, 0.457033518779227, 0.4574528124759245, 0.45746151929272394, 0.4583900374068065, 0.4557334685789183, 0.4586039842465441, 0.459799820012588, 0.460716281081833, 0.45913518333341263, 0.4585223734220329, 0.4589508468815723, 0.45776829329244795, 0.459187064998162]
0.4581933522311001
rmse
[1.1498942023618095, 1.158155257818924, 1.1500237097321464, 1.1488749076972757, 1.157021332396439, 1.1502051459210647, 1.1553830845146422, 1.144580885970209, 1.155527885448347, 1.150920856996083, 1.1560082386927857, 1.1484184263061843, 1.152515870950918, 1.1572576967819188, 1.1547732074959485, 1.1514976097255478, 1.1535206633124586, 1.152014515031294, 1.1551733638306612, 1.1552825546327348]
1.1528524707808696
程序运行时间：666.321841254 秒
