Parameter setting:
----------------------------------------------------------------------------------------------------------------------------------
dataPath:..\DataSet\rtData.txt
program path:C:\Users\Administrator\PycharmProjects\smallPaper\cPMF
outPath:C:\Users\Administrator\Desktop\experiment data201903\rt\19-03-21PMF312and4414_rt.txt
parallelMode:True
threadNum:25
metrics:['MAE', 'NMAE', 'RMSE']
density:[0.05 0.1  0.15 0.2 ]
rounds:20
maxIter:300
dimension:10
lambda:40
etaInit:0.01
numUser:339
numService:5825
method:PMF
saveData:True
----------------------------------------------------------------------------------------------------------------------------------
(339, 5825)
==================================================================================================================================
density = 0.05
mae
[0.5716723094152278, 0.5747915644477045, 0.568548950386608, 0.5651514592315405, 0.5637696250453557, 0.5696389303660153, 0.5669118305826926, 0.5712401800684935, 0.5707503261844756, 0.5730147737504343, 0.5680040510448872, 0.5719493896542333, 0.5664271499228285, 0.5715148228686577, 0.5691515351920834, 0.5675085237950471, 0.5685351247772639, 0.5724639140481125, 0.5696893863506705, 0.5735815561396603]
0.5697157701635996
nmae
[0.6290305063011584, 0.6324979838223047, 0.6262646091840478, 0.6224380506188096, 0.6210044007168295, 0.6268925142049818, 0.624067878458644, 0.62867632665178, 0.6279615666827194, 0.6307261036883849, 0.6252488542103917, 0.6295271682238789, 0.6236621460626447, 0.6292412965120517, 0.6260953379857637, 0.6246298800923447, 0.6258083406360018, 0.6300492408911446, 0.6269417265002786, 0.6314369062489428]
0.6271100418846552
rmse
[1.5470522872801138, 1.5534623769824527, 1.5361755443562628, 1.535395809506712, 1.5307570135559132, 1.547219901381671, 1.5354756624211223, 1.549316239191936, 1.5476653569385097, 1.5530844254516223, 1.5366288318613277, 1.547029311980634, 1.5427483373241595, 1.5430032681915464, 1.5525230194759576, 1.5430445110043418, 1.538843610441087, 1.5518277292956835, 1.547616297723868, 1.5454067913133804]
1.544213816283915
==================================================================================================================================
density = 0.1
mae
[0.4859781113708234, 0.4898756465630275, 0.48981783164832393, 0.48739466913918683, 0.48484140888548105, 0.4872339567964705, 0.4869951062897442, 0.48582936322610165, 0.4865896591460384, 0.4894697195954447, 0.4870775622122075, 0.49070816984560284, 0.485755574020161, 0.4880996301484212, 0.48781068916700665, 0.4862810370558501, 0.4850122991923528, 0.48377533014038826, 0.4838625127351147, 0.4887900407682698]
0.48705991589730085
nmae
[0.534840768503695, 0.5389152953710957, 0.5391879802940907, 0.5368644334556854, 0.5341881461841249, 0.5362045806173433, 0.5360972661252801, 0.5349123478291432, 0.5351841220948195, 0.5385392627250853, 0.5359930870034049, 0.5398392247069577, 0.5349176314941588, 0.5370873518395852, 0.5369454412022799, 0.5349953619382771, 0.5338913560441917, 0.5326356177465583, 0.5322577187233751, 0.5382273418900566]
0.5360862167894606
rmse
[1.3170748112197104, 1.3234277060265631, 1.3212361955960277, 1.31664399924619, 1.3125576268759187, 1.3198521357651916, 1.3177574058944623, 1.310930880681332, 1.3185564741536768, 1.3277065037794398, 1.318996486494241, 1.3203529511841627, 1.322394782581998, 1.3207156920947158, 1.3212887454838347, 1.319347975444416, 1.31484522439553, 1.3115633684813788, 1.3220778139391591, 1.3153385002432587]
1.3186332639790603
==================================================================================================================================
density = 0.15000000000000002
mae
[0.4527208603028898, 0.452155703384212, 0.4531636189618721, 0.45344066039417086, 0.4499352901646516, 0.4529547652641243, 0.4522346390902158, 0.45136732383601735, 0.44987763743073844, 0.45563827204616586, 0.4515600490645328, 0.45343023867322935, 0.4520100194289434, 0.4545381053975321, 0.45394049307825535, 0.45246827707054066, 0.4505282060190913, 0.45061366996525665, 0.45278564737633187, 0.45366102610891557]
0.4524512251528844
nmae
[0.4983798170712171, 0.49734234292268886, 0.4992862981468166, 0.4997176115126669, 0.4957814938560331, 0.49876502509314197, 0.4974708735048401, 0.49726018955254647, 0.49483973256066605, 0.5015356467766738, 0.49686968092369344, 0.4990146096485712, 0.49818694927457263, 0.5002215380796761, 0.4996663384227882, 0.49803768628568706, 0.4961124896298414, 0.4963368222543854, 0.4984299079363342, 0.5000021452475042]
0.4981628599350172
rmse
[1.2255417436098852, 1.2224656692125904, 1.2191774171395535, 1.221023027844237, 1.2195277659970178, 1.2204152503624268, 1.222707015427856, 1.214920939825733, 1.2210328900329768, 1.2270394926634562, 1.223633473861774, 1.2201083580377967, 1.2277568677171995, 1.22349695162811, 1.2247705777721638, 1.2208656721223736, 1.2177100436836332, 1.2181260714039956, 1.2243269216877666, 1.2211234582945472]
1.2217884804162549
==================================================================================================================================
density = 0.2
mae
[0.4307400697932207, 0.43081788982801755, 0.4298257589282778, 0.4312061920484882, 0.43259886834043304, 0.4299749002519523, 0.43128711716736257, 0.43043944582465354, 0.4311840886928224, 0.43094104543093104, 0.42908807329378224, 0.4319288889705457, 0.43107865393874645, 0.43067661184605893, 0.43337602849879825, 0.43076547086707184, 0.42816998358634994, 0.4302552338446006, 0.4297032184431294, 0.43190257746336297]
0.43079800585293027
nmae
[0.4743289150716361, 0.47429858196683494, 0.4737886071954198, 0.47514989942670605, 0.47649843122410374, 0.47322019297323675, 0.47413842554204455, 0.47428324388791987, 0.4739445833761931, 0.4741686870067385, 0.47216334929789544, 0.47550269742183804, 0.4752372702440385, 0.4738483226893095, 0.47710151770891784, 0.4741354173818925, 0.4713192579377523, 0.47395275889783584, 0.4728593617134526, 0.4761051344347072]
0.47430223276992367
rmse
[1.1687382685994205, 1.1695155895876237, 1.1632759004675146, 1.166030810053257, 1.1737032392337021, 1.1701061025430666, 1.1732078373186958, 1.1636762158319593, 1.1736137775360447, 1.1735835036368465, 1.172026004891658, 1.1703616044261878, 1.1750028057493644, 1.1688585966027114, 1.1732976315339658, 1.1714925936360978, 1.1668169772264128, 1.167481389259012, 1.173831108968714, 1.1699808777820617]
1.1702300417442157
程序运行时间：1363.30975431235 秒
