Parameter setting:
----------------------------------------------------------------------------------------------------------------------------------
dataPath:..\DataSet\rtData.txt
program path:C:\Users\Administrator\PycharmProjects\PaperNew\NMFNew
outPath:C:\Users\Administrator\Desktop\experiment data201903\2019-03-15NMF339and5825_rt
parallelMode:True
threadNum:25
metrics:['MAE', 'NMAE', 'RMSE']
density:[0.05 0.1  0.15 0.2  0.25 0.3 ]
rounds:20
maxIter:300
dimension:10
lambda:30
numUser:339
numService:5825
method:NMF
saveData:True
----------------------------------------------------------------------------------------------------------------------------------
(339, 5825)
==================================================================================================================================
density = 0.05
mae
[0.546532706912681, 0.5510343257271054, 0.5449063467611085, 0.543230847969786, 0.5417807535985005, 0.5466565493384049, 0.54362326924069, 0.5464274790815793, 0.5472683821183862, 0.5490724835861873, 0.5447571146992655, 0.5499913277795379, 0.5432146978312967, 0.5482698929355715, 0.5463351174181157, 0.5441869050830717, 0.5460929147212088, 0.5458778626807597, 0.5454681683025066, 0.5496023797175238]
0.5462164762751642
nmae
[0.601368545716496, 0.6063556280165051, 0.6002219510988495, 0.5982954560642599, 0.5967831845876436, 0.6016002073474463, 0.5984313644805898, 0.6013687977785627, 0.602125824313417, 0.6043724596281548, 0.5996590361672572, 0.6053586023302805, 0.5981041768008369, 0.6036484872564493, 0.6009961299286413, 0.5989608737447297, 0.6011053423104601, 0.6007888437355505, 0.6002863373972275, 0.6050390264490826]
0.601243513757622
rmse
[1.4815112127460004, 1.4867040006602659, 1.4729853280454157, 1.4748140859832564, 1.469432806646404, 1.4822471400197468, 1.4718700491750953, 1.4817562496441632, 1.4828312607215695, 1.4881466609757728, 1.473926805068062, 1.4830518217446675, 1.478363851925376, 1.4795871272407375, 1.4893124825110544, 1.4799260869395972, 1.476459234467467, 1.4836018586661917, 1.4831465028244066, 1.4806472406555973]
1.4800160903330422
==================================================================================================================================
density = 0.1
mae
[0.4756227679031464, 0.48203120845603126, 0.4802056980264569, 0.4783419591665473, 0.4757786297178911, 0.47809389876632313, 0.4791259491442812, 0.4790076235514971, 0.47899712563554286, 0.4801260157893284, 0.4785769687464777, 0.4831831290188132, 0.4780129317340028, 0.48328890841560623, 0.48070384614318357, 0.47693364679553113, 0.4767677111694995, 0.4728594557936299, 0.47627484206183485, 0.477618183277012]
0.4785775249656319
nmae
[0.5234442472843556, 0.5302855794235645, 0.5286070120666774, 0.5268928881794857, 0.524202965227862, 0.5261458790130941, 0.527434687019438, 0.5274014127934531, 0.5268333417095122, 0.5282588487231191, 0.5266388081646016, 0.5315607560458377, 0.5263913765323447, 0.5317938059396855, 0.5291227611181303, 0.5247115752914141, 0.5248158866450103, 0.5206172631226419, 0.5239111405597655, 0.52592553812981]
0.5267497886494901
rmse
[1.2841074030297777, 1.2910465787841594, 1.2885035901048236, 1.285782312007197, 1.2816237380417952, 1.2839472000068093, 1.287526660351551, 1.2818055477737154, 1.2869003030361754, 1.2969680287909393, 1.2867029338142235, 1.2869156737138305, 1.2926262156528348, 1.2916310758385616, 1.2884534218216546, 1.2862533200872945, 1.283606723254132, 1.2784076789418368, 1.2886017591086565, 1.279813068337378]
1.2865611616248673
==================================================================================================================================
density = 0.15000000000000002
mae
[0.44782553058918423, 0.44673639951822264, 0.4451019718076544, 0.4436162239356134, 0.44269157955693306, 0.4470558294571204, 0.44914077024247734, 0.4472616509769522, 0.4479235730526849, 0.445870637357978, 0.44701073432276556, 0.4513063583119295, 0.4463589732057168, 0.44735173364424813, 0.45166591566395253, 0.4467348519825047, 0.4448207777429595, 0.44392898356868965, 0.4483215669003254, 0.44579337435889943]
0.4468258718098406
nmae
[0.49299077110238854, 0.49138145541967115, 0.4904041421303738, 0.48889051912694975, 0.48779968459443623, 0.4922694915621336, 0.4940675304055805, 0.4927370715590047, 0.49269037323761855, 0.4907840982756686, 0.4918638869681695, 0.4966772107743022, 0.4919585973417646, 0.49231289876219547, 0.497162640723654, 0.49172683111629234, 0.4898275857911336, 0.48897384987919096, 0.4935158139636801, 0.49133081902226244]
0.49196826358782353
rmse
[1.207461764578033, 1.2010662453540506, 1.196647932170026, 1.1996390884403032, 1.1994497850687178, 1.1994211994542676, 1.2082668719362797, 1.2009754933746488, 1.2069096720325718, 1.206936787798028, 1.2077735415287911, 1.2067881405079433, 1.21205726856228, 1.205988851644261, 1.2078090949419684, 1.203039316899759, 1.2001232204196226, 1.1989973269200898, 1.2059088552192083, 1.2014851600705705]
1.203837280846071
==================================================================================================================================
density = 0.2
mae
[0.42598127172851497, 0.42914773411873386, 0.4274754708937835, 0.4294808729847318, 0.4252483859337452, 0.4307252000418811, 0.43108719849854044, 0.429227493397536, 0.42882783919865675, 0.4273727038258151, 0.4241526785533816, 0.42979802813904, 0.42598144671187105, 0.4266701320301529, 0.4261115878179662, 0.42874476766743624, 0.4225162622598261, 0.42528212536095195, 0.4290642723195841, 0.42631771721333017]
0.42746065943477396
nmae
[0.4690885492887163, 0.4724598642550582, 0.47119793022634376, 0.47324875516036713, 0.4684020315525936, 0.47404595515416836, 0.4739186435937815, 0.47294784413739305, 0.47135466479123744, 0.47024240550807694, 0.46673250035155506, 0.473156871293777, 0.4696179178909696, 0.4694402269431346, 0.4691041310372622, 0.47191126753758017, 0.46509577697842747, 0.4684745722292808, 0.47215624467084916, 0.4699486982870983]
0.4706272425443835
rmse
[1.1600787114377344, 1.1620173796938569, 1.1559852238204513, 1.160538641600671, 1.1662536064204616, 1.159845896923527, 1.1696424914121564, 1.1626728560218975, 1.1658605916194664, 1.165091552729383, 1.1663978992109227, 1.1611200140872193, 1.1649748124654495, 1.1582661544832134, 1.161048026817847, 1.1644873817164576, 1.1571203505911039, 1.1557082648373291, 1.166267150177983, 1.1594889811145261]
1.162143299359083
==================================================================================================================================
density = 0.25
mae
[0.41224880944858966, 0.4140819435026757, 0.4169808867764707, 0.41660211422593774, 0.41525776434837064, 0.41921051395905057, 0.41732744702716906, 0.4148398126502386, 0.41716330680926106, 0.41232579435017436, 0.4135710133023025, 0.4177802483421879, 0.4183825205456974, 0.4116264438673013, 0.4120520720979384, 0.41928033161717226, 0.4070422349021169, 0.4124510971293024, 0.41478549660859404, 0.41683441472616484]
0.41499221331183583
nmae
[0.4535875915989041, 0.4555714620972773, 0.4594203815262154, 0.45932566731399405, 0.45740897929920404, 0.4614593217389504, 0.4584027938244664, 0.45720361882068056, 0.45847781002711324, 0.45367641896477495, 0.4547861740081736, 0.4596971437009666, 0.46089724206541416, 0.4529720695472406, 0.4534742389197517, 0.46152410251400905, 0.44819083136794946, 0.4542153952754562, 0.4562123801355921, 0.459602483260331]
0.45680530530032326
rmse
[1.132012056043227, 1.1360044782612657, 1.1349269750542992, 1.1371367127077, 1.1422754785586278, 1.13665153193695, 1.1462173371574027, 1.1349576103304524, 1.1444791042818323, 1.1369330205900157, 1.146238036094919, 1.1356633928700715, 1.1399125839411193, 1.1328854281619214, 1.1363309080885253, 1.136017952737245, 1.1319831892019083, 1.1331403116662735, 1.1465980373967422, 1.137322671822569]
1.1378843408451533
==================================================================================================================================
density = 0.3
mae
[0.40206412573294714, 0.4071214604648318, 0.4069384360388325, 0.4065601978713549, 0.4047086178336035, 0.4119943709171613, 0.4034182531152957, 0.4098764076652328, 0.41140631362891267, 0.40398585394447023, 0.40076886949363755, 0.40989170867086083, 0.40606909000377067, 0.4032844825601739, 0.4043252900346714, 0.41006657709965455, 0.3988163332410057, 0.40456199790089203, 0.4061326891720685, 0.40124495892846507]
0.40566180171589206
nmae
[0.442463335165838, 0.44805012790799253, 0.4484152938754265, 0.44831676258277836, 0.4453654330555837, 0.4538529757667454, 0.4433929060939907, 0.4519085497669209, 0.45225193629025023, 0.4444419874100606, 0.4408483139381595, 0.4516282923673835, 0.44751130277488216, 0.44322438174851, 0.4450581929954788, 0.4515241183765413, 0.43920272625409207, 0.44564542510108507, 0.4469895727363754, 0.44182336175045456]
0.4465957497979275
rmse
[1.1138300956373246, 1.124558395721207, 1.1205960293996704, 1.1174089154942062, 1.1256711261830767, 1.120686088729737, 1.1210267453417144, 1.120453052577519, 1.127620482995758, 1.1185146180846488, 1.1188151052105595, 1.123157413671868, 1.122859100804622, 1.118125242657329, 1.1210828557868393, 1.120227304265875, 1.1182309215251207, 1.1168020470404554, 1.1297156321273045, 1.1186099570097705]
1.1208995565132303
程序运行时间：1783.06353978 秒
