Parameter setting:
----------------------------------------------------------------------------------------------------------------------------------
dataPath:..\DataSet\rtData.txt
program path:C:\Users\Administrator\PycharmProjects\smallPaper\cEMF
outPath:C:\Users\Administrator\Desktop\experiment data201902\2019-03-16EMF339and5825_rt.txt
parallelMode:True
threadNum:25
metrics:['MAE', 'NMAE', 'RMSE']
density:[0.05 0.1  0.15 0.2  0.25 0.3 ]
rounds:20
maxIter:300
dimension:10
lambda:30
topK_U:60
topK_S:300
alpha:15
etaInit:0.01
numUser:339
numService:5825
method:EMF
saveData:True
----------------------------------------------------------------------------------------------------------------------------------
(339, 5825)
==================================================================================================================================
density = 0.05
mae
[0.5592891281351359, 0.5575179573573462, 0.5579563143661181, 0.5634415925008971, 0.5580150788789152, 0.5585614283406445, 0.5568570077898394, 0.5619869765703274, 0.560725931991108, 0.5574303300267661, 0.5562345926888274, 0.5609225577290347, 0.5582723207744195, 0.5566542765168566, 0.5585993259691047, 0.5581047618164127, 0.5557974656640752, 0.5607794446192353, 0.5600495086301988, 0.5617906710529093]
0.5589493335709086
nmae
[0.6155186608583302, 0.6136016333497349, 0.6141347436529156, 0.6193238639937546, 0.6142692125173894, 0.61432725203358, 0.6129618717869647, 0.6184850543306419, 0.6167088120813959, 0.6133072831743194, 0.6124126770322281, 0.6168722056366436, 0.6144473086955423, 0.6125485454629334, 0.6149544192248605, 0.6144003912150872, 0.6119571915685911, 0.616968437838893, 0.616248090235595, 0.6180481560656251]
0.6150747905377513
rmse
[1.499980352466563, 1.4938082026315613, 1.490991628481303, 1.5155082685760868, 1.4919462398132357, 1.5066004711802718, 1.489585215037955, 1.4997454306129625, 1.5029596547827198, 1.4905249247414896, 1.4874217834671932, 1.5115335670867607, 1.4973062474325818, 1.4942171932028525, 1.4918123772243865, 1.486105923556265, 1.486492079043512, 1.4956511900939244, 1.4976786163764966, 1.504240661073053]
1.4967055013440587
==================================================================================================================================
density = 0.1
mae
[0.4855830195182332, 0.4841539596402503, 0.48335083119407435, 0.4841038731619848, 0.4836353540473561, 0.4819061017880258, 0.48562176633921705, 0.48643575484254464, 0.48486678032133074, 0.483429675003552, 0.4859964888651999, 0.48512791493605734, 0.48314752283598866, 0.48288039420852047, 0.4813251031730356, 0.4821491508177556, 0.48399469887153207, 0.4865901752908826, 0.484970675683198, 0.4840169115428969]
0.48416430760408175
nmae
[0.5342507625158787, 0.5333270063943246, 0.5320491238485116, 0.532274679417918, 0.5321653498691771, 0.5302153936774542, 0.5343706380396172, 0.5354779444616785, 0.5334952642551446, 0.53201408415456, 0.5351238177164168, 0.5337128150672917, 0.5313530848310986, 0.5314375320148662, 0.5299372599913645, 0.530885137060476, 0.5329169775275627, 0.5355317294765106, 0.5336018026468713, 0.5328140555868403]
0.5328477229276781
rmse
[1.2951009952207098, 1.290565496436826, 1.2937407685051516, 1.2966129594284885, 1.2942930071254644, 1.2940723505204164, 1.2949868725448193, 1.2934785566589098, 1.2909944274796261, 1.2896858362738928, 1.291327122315433, 1.2974513084101695, 1.2939264809663804, 1.2928924369436194, 1.2874399782844788, 1.2836317292194965, 1.2884254390226493, 1.294968190916798, 1.2963913381520036, 1.2967434757355594]
1.2928364385080446
==================================================================================================================================
density = 0.15000000000000002
mae
[0.4508808375591008, 0.44811105072534835, 0.44572108884341277, 0.4472285099460707, 0.44642937491368107, 0.4462866352690022, 0.4489673532620114, 0.4486762866501743, 0.44820760212271593, 0.44620863572149017, 0.44752061337700644, 0.4477441939032405, 0.4466477018339372, 0.44751424499671955, 0.4439996876747751, 0.44581761988522806, 0.44635241285956373, 0.4494183995428729, 0.45352514929249477, 0.4477330305456514]
0.4476495214462248
nmae
[0.4962497899068701, 0.49378199600623757, 0.490977299044652, 0.4919000338912937, 0.49128497757145956, 0.491225621996705, 0.4939886843855439, 0.49435478925345644, 0.4929861030486485, 0.4910009936460331, 0.4925119032332391, 0.4926162807676587, 0.4909899279566711, 0.4923877617877423, 0.48903355997581477, 0.49089604391283276, 0.491794503067189, 0.49451200896425207, 0.498912549300661, 0.49289788782919663]
0.4927151357773078
rmse
[1.2103752843000242, 1.2033548111460781, 1.2045939538498636, 1.2059543539731608, 1.2071048292479527, 1.205814150420223, 1.2058568006621904, 1.2019756077234451, 1.204256046009616, 1.2040928631032142, 1.20330194164193, 1.2065683420852698, 1.2091007532959221, 1.2075708385705424, 1.2022427582172013, 1.2022714998044006, 1.1990901076325282, 1.2095511945609407, 1.2141693667161761, 1.2126271954319112]
1.2059936349196296
==================================================================================================================================
density = 0.2
mae
[0.42498150127524437, 0.43012226692415984, 0.42763419926520774, 0.42546478529282816, 0.4286221046813177, 0.4255188901495796, 0.42761944529260404, 0.4286062283258018, 0.42854742580338673, 0.42551447445531815, 0.4284713877983316, 0.42830946011867915, 0.4279188659715898, 0.42791168558184633, 0.427195373293366, 0.4260607059333814, 0.4260777582092598, 0.4287105299713126, 0.4289177120849929, 0.4267044562078115]
0.42744546283180096
nmae
[0.4676894193746358, 0.4741438192691413, 0.4710186593306526, 0.4677151066417595, 0.4714173997066637, 0.4688317972885046, 0.4706534150415604, 0.47235060197915285, 0.4715791870978668, 0.46842135185199507, 0.4715817086563189, 0.47090108786275253, 0.4702768125716602, 0.47051085081963545, 0.47030414373786916, 0.4689743336088782, 0.4694609421969847, 0.47185174966005644, 0.4719805095154823, 0.46973652650056535]
0.4704699711356068
rmse
[1.1574979642104697, 1.1603932651204183, 1.161855860725806, 1.1570132665728121, 1.1644000120851075, 1.1583574693113676, 1.1590998523507117, 1.1577777667676394, 1.1586949004686868, 1.1601269983052325, 1.1582754364964427, 1.1637575455069968, 1.1611622824686822, 1.1649288602571228, 1.1599232692433337, 1.1604203014508732, 1.1544946487663437, 1.1609226029507296, 1.162951930864908, 1.164917872039659]
1.160348605298167
==================================================================================================================================
density = 0.25
mae
[0.41191705493435743, 0.4130709325543564, 0.4138815500788945, 0.4130940575135939, 0.41646130943110826, 0.41134704956825086, 0.4123981174804259, 0.4158058809776212, 0.4152069253648414, 0.4113465913313869, 0.41405025894676295, 0.41571840280159, 0.4134282951777695, 0.4148167497222234, 0.413111790577539, 0.4145274236908887, 0.41143613845105137, 0.4175879471331775, 0.41765517465020874, 0.414138186085464]
0.4140499918235756
nmae
[0.45351163505080855, 0.45508989093169233, 0.455969345293311, 0.45419687807568837, 0.45796174743803447, 0.4529308108588545, 0.45377989249749057, 0.4580768763953917, 0.4569591210329131, 0.4526107977248358, 0.4556908705204492, 0.456790854214082, 0.45456569737428393, 0.45633939958625874, 0.45469724372300113, 0.45615683476226054, 0.45325473663453536, 0.45946854660298764, 0.4590157152844207, 0.4561477291930115]
0.45566073115971556
rmse
[1.1292931019292123, 1.1327113386866787, 1.1354196932312357, 1.1296188190122296, 1.1370271709198176, 1.1340054344669037, 1.1313371116120747, 1.1293041839344882, 1.1326581074147133, 1.1310202051974285, 1.1265577195483674, 1.1332645078758448, 1.1308044394799974, 1.1335147591007655, 1.1348810442106378, 1.1341843417157824, 1.1264857491713582, 1.1332154376615087, 1.135712931335671, 1.1338400223719585]
1.1322428059438336
==================================================================================================================================
density = 0.3
mae
[0.40259542701292456, 0.4039111228933862, 0.4037491379104116, 0.40283797856609327, 0.4040792514750089, 0.4027355057325144, 0.4053839382575636, 0.40471244599505807, 0.4076330847745427, 0.4047881465471589, 0.40414942247123925, 0.40410786150524336, 0.4045241948323528, 0.40553301284446047, 0.4043199806190106, 0.40426459667275677, 0.40193468060664156, 0.40695512019586044, 0.4053187169098148, 0.40305278780403486]
0.4043293206813038
nmae
[0.44294339558665546, 0.4455471876296614, 0.4448582224960096, 0.4425874677141717, 0.4439679041900664, 0.4435704569022483, 0.4461587345585314, 0.44572832518346645, 0.44906245559089786, 0.4458626167842087, 0.444423090700179, 0.4441009767721033, 0.44466988906034544, 0.445928262821734, 0.4448054940056416, 0.44458839753878854, 0.44333909004314664, 0.4481107665534444, 0.44548132280537267, 0.44358538753166143]
0.4449659722234166
rmse
[1.1114554374618708, 1.111108694005924, 1.1138145259550485, 1.1132023384883514, 1.1181272013673367, 1.1140368722037843, 1.11394536874061, 1.1109785661226779, 1.1125153956684424, 1.1115935908054984, 1.111382316394623, 1.111992617492348, 1.1121329589468967, 1.1158883124111805, 1.1151812721644907, 1.1146063986713715, 1.1080263074940404, 1.110579278303673, 1.1135082725375234, 1.114404247079504]
1.1129239986157597
程序运行时间：7359.523393615999 秒
