Parameter setting:
----------------------------------------------------------------------------------------------------------------------------------
dataPath:..\DataSet\rtData.txt
program path:C:\Users\Administrator\PycharmProjects\smallPaper\cNIMF
outPath:C:\Users\Administrator\Desktop\experiment data201903\rt\2019-03-17NIMF339and5825_rt
parallelMode:True
threadNum:25
metrics:['MAE', 'NMAE', 'RMSE']
density:[0.05 0.1  0.15 0.2  0.25 0.3 ]
rounds:20
maxIter:300
dimension:10
topK:10
lambda:30
alpha:0.4
etaInit:0.01
numUser:339
numService:5825
method:NIMF
saveData:True
----------------------------------------------------------------------------------------------------------------------------------
(339, 5825)
==================================================================================================================================
density = 0.05
mae
[0.5564927207588831, 0.5526103668302331, 0.556979352616816, 0.5616799524919074, 0.5560177598157277, 0.5564678809289986, 0.5531608050684736, 0.5593311456384827, 0.5554800466862959, 0.5515315729238329, 0.5542370432822642, 0.5572389551721276, 0.5540504605465022, 0.5564322506734315, 0.5572913585291364, 0.5547129469892013, 0.5521660709411418, 0.5574803376225742, 0.5557105100877089, 0.5550429150543349]
0.5557057226329036
nmae
[0.612441109665471, 0.6082003623709095, 0.6130594154632024, 0.6173875041086229, 0.6120705414518062, 0.6120246884064795, 0.6088932665491773, 0.6155622254989148, 0.6109391775593079, 0.6068172332110685, 0.610213380915703, 0.6128211793360295, 0.6098006325874844, 0.6123042257600538, 0.6135144956159029, 0.610666446444601, 0.6079588679823759, 0.6133387668345012, 0.6114736916795024, 0.610624682577389]
0.6115055947009251
rmse
[1.4927602281828576, 1.4855095328657182, 1.488345338224474, 1.508916695796242, 1.487401407793229, 1.4983890531263486, 1.48286079551904, 1.492112126727446, 1.4917853872005753, 1.4811098890337393, 1.4823938415251108, 1.4990426131523504, 1.4866474641809047, 1.4904517900591459, 1.4901086325654131, 1.4815343335910538, 1.4806871581311412, 1.4907541370341517, 1.490884198950747, 1.4948233340681436]
1.4898258978863916
==================================================================================================================================
density = 0.1
mae
[0.47959277727500543, 0.4799612836507655, 0.4796746588560948, 0.47927352747257307, 0.47971513968729435, 0.47904603300775295, 0.4823172008027652, 0.4820415050761475, 0.4811999236098983, 0.4793848853655631, 0.4819979694948124, 0.4813263567916474, 0.47832815647236226, 0.47993283974327156, 0.4773383727862801, 0.4761441960782501, 0.48109941282651897, 0.48304564931012267, 0.47988216893320196, 0.4796676078430408]
0.4800484832541684
nmae
[0.5276601459632768, 0.5287085017023155, 0.5280025718508533, 0.5269636896782242, 0.5278517647910271, 0.5270686136540214, 0.5307343455244171, 0.5306406688113242, 0.5294606494503215, 0.52756279544367, 0.5307211049402586, 0.5295305360509164, 0.5260528709974174, 0.5281935794972685, 0.5255478837391103, 0.5242731971358336, 0.5297290354038502, 0.5316306927827137, 0.5280030386169563, 0.5280262680363762]
0.5283180977035077
rmse
[1.296990411430894, 1.2964038299888767, 1.2991576631103259, 1.3007669035631413, 1.2991487363450405, 1.300701563536918, 1.2977458642482165, 1.2976759324817722, 1.2982623368102806, 1.2937085895432752, 1.2955735689156334, 1.303938479756324, 1.2995774972813872, 1.300135812839127, 1.290565387085753, 1.2880707322194038, 1.2968557586572107, 1.3027186127076331, 1.3002621316036937, 1.2998716088076103]
1.2979065710466258
==================================================================================================================================
density = 0.15000000000000002
mae
[0.4442264263654358, 0.4410434928555837, 0.44119253842586365, 0.4408332436868301, 0.4418196346646582, 0.4416514359113874, 0.4449654002903201, 0.44433467064981835, 0.4428191149710039, 0.4436739725455011, 0.4422309942895783, 0.4431613619279293, 0.4431106657651461, 0.44472829191364044, 0.4396195676465205, 0.43907262303947087, 0.4412220923538909, 0.4449941819881732, 0.44438456623674544, 0.4436829121340649]
0.44263835938307805
nmae
[0.48892579234093375, 0.485994121044946, 0.48598894307889484, 0.484865974971294, 0.4862120673596498, 0.48612367964041947, 0.4895854255091576, 0.48957116523155925, 0.48705927523566794, 0.48821188998837683, 0.48669049459583763, 0.4875741659311037, 0.48710174253118876, 0.489322453323577, 0.4842091743962742, 0.483469033135109, 0.4861418766872873, 0.48964387558721456, 0.4888572048472111, 0.4884392156421207]
0.48719937855389117
rmse
[1.2117607383080007, 1.2055260258773453, 1.2086230540163863, 1.2096316004393504, 1.2120967590852174, 1.2116282230373736, 1.2112887123721598, 1.2085107870592218, 1.209445992307354, 1.2122258133338388, 1.2077076174929517, 1.211253471447532, 1.2154475814556898, 1.2130966761598645, 1.206201166847713, 1.2062848767884211, 1.2052359807165132, 1.2148946350892684, 1.215204736339063, 1.2181676027041406]
1.2107116025438704
==================================================================================================================================
density = 0.2
mae
[0.41973320536044517, 0.4197438873477633, 0.41944114456766707, 0.419301034455224, 0.41842496153623965, 0.418094427346149, 0.4208434912014763, 0.4205233834178537, 0.42110765129319566, 0.4201459048361283, 0.4231039650159722, 0.42175248706822016, 0.4208517781820184, 0.42254819473230004, 0.41887533983970715, 0.41905883897493196, 0.4194423605205404, 0.4229522729978741, 0.4221240351426375, 0.42178126519679987]
0.42049248145165724
nmae
[0.46191370334527154, 0.46270324781171157, 0.46199440063925407, 0.46093927117904526, 0.4602021342003188, 0.46065160994403576, 0.46319555509561733, 0.46344280641844243, 0.4633923620128015, 0.4625114409335675, 0.46567424673735114, 0.46369208122140415, 0.46251018253001025, 0.4646134174752949, 0.4611445262562296, 0.4612672255720946, 0.46214992914647945, 0.4655140382255111, 0.46450475597490315, 0.4643168440689267]
0.4628166889394135
rmse
[1.1589346980636166, 1.1599404356678833, 1.1629733411301153, 1.1601179518077207, 1.1643870239288279, 1.1600999639951965, 1.1589357237185018, 1.1569353810095728, 1.159862269182831, 1.163592977354023, 1.1598693483078846, 1.163569511098642, 1.1653692271675453, 1.1656911993050527, 1.1599851084887562, 1.1635446928023976, 1.1565636445129945, 1.1639867343546044, 1.165058209705, 1.1662273028004215]
1.1617822372200795
==================================================================================================================================
density = 0.25
mae
[0.40555365009887245, 0.4077635395819162, 0.4058628863015081, 0.40827376852806835, 0.4081727364351685, 0.40560893016880484, 0.40698583164195234, 0.40874162851013773, 0.4074177244451195, 0.4054212270917895, 0.41091574181837265, 0.4075844938377128, 0.4068526683051826, 0.4108032045471668, 0.40687202741378453, 0.4065700100337827, 0.40577346276302867, 0.40906324490024487, 0.40979900460137086, 0.40801497959939226]
0.40760253803116875
nmae
[0.4465056660168464, 0.44924261217493394, 0.44713526010153304, 0.44889697078138824, 0.4488472167792958, 0.4466126153713121, 0.44782451495854053, 0.4502944691413985, 0.4483866570676329, 0.4460910309592621, 0.45224111820648893, 0.44785332535158817, 0.44733577516074674, 0.45192410344254197, 0.4478293615256012, 0.44740028834513806, 0.44701650343682886, 0.45008888760641313, 0.45038154591878665, 0.4494033940221776]
0.44856556581842266
rmse
[1.128013189256488, 1.1324394839753205, 1.131219593093672, 1.130631335560329, 1.1353914694065206, 1.1321344486544878, 1.1300574609786094, 1.1262262014017226, 1.13192202551023, 1.131819347115564, 1.1286513181456885, 1.131551156270793, 1.1336651363242785, 1.1318955944239393, 1.1326710538852904, 1.1330846641257193, 1.1273312006247862, 1.1317330410637172, 1.1356632700698228, 1.1324947312335922]
1.1314297860560287
==================================================================================================================================
density = 0.3
mae
[0.3974989949271518, 0.39956844726706303, 0.398492955512426, 0.40007758083408085, 0.40007405835014426, 0.3983225383529162, 0.40017857512696564, 0.39798725657587647, 0.39920203634258034, 0.39881416144276255, 0.4017764041761072, 0.3986292554145507, 0.3992408924958045, 0.40118678005030034, 0.401029320277516, 0.3978716572847711, 0.3980912988180209, 0.39994077251421234, 0.3998713433476702, 0.39911545481043825]
0.39934848919606797
nmae
[0.43733620091433123, 0.44075685925683544, 0.4390668641025669, 0.43955469149370696, 0.43956733872912834, 0.43871004124730684, 0.4404297995710045, 0.43832156651810533, 0.43977452619194624, 0.43928244230529584, 0.44181360008514364, 0.43808017255621046, 0.43886226248602195, 0.44114910063682444, 0.44118533208200295, 0.4375577876326535, 0.4390997908060573, 0.4403870531499051, 0.4394941747190948, 0.439252100590957]
0.43948408525375493
rmse
[1.109604530999653, 1.1087980583052481, 1.1112304636612205, 1.1127270002197267, 1.1171565680656443, 1.11235977789525, 1.1133239151513536, 1.1070838666495377, 1.108331894752144, 1.109705748146116, 1.1095972869298325, 1.1098170106945513, 1.1117599430274323, 1.1128630214537545, 1.1114174396190666, 1.1134709441737243, 1.1069603772126366, 1.1074800079950218, 1.11171474133866, 1.115118807595583]
1.1110260701943078
程序运行时间：18098.293228818 秒
