Parameter setting:
----------------------------------------------------------------------------------------------------------------------------------
dataPath:..\DataSet\rtData.txt
program path:D:\PycharmProject\smallPaper\SlopeOneNew
outPath:C:\Users\Administrator\Desktop\experiment data201903\rt\201903022SlopeOne339and5825_rt.txt
parallelMode:True
threadNum:20
metrics:['MAE', 'NMAE', 'RMSE']
density:[0.05 0.1  0.15 0.2 ]
rounds:20
numUser:339
numService:5825
method:slopeOne
saveData:True
----------------------------------------------------------------------------------------------------------------------------------
(339, 5825)
==================================================================================================================================
density = 0.05
mae
[0.6443148679725348, 0.6482625986508012, 0.6484505535214088, 0.6487080508312749, 0.6459380722992061, 0.6451723513667759, 0.6456971653802819, 0.6436276370342134, 0.6476020238885147, 0.6471667399975093, 0.6460831238283733, 0.6483881044473747, 0.6469154530626752, 0.6498827034009962, 0.6411197527560437, 0.6430218441751506, 0.643600826303111, 0.6471233639167928, 0.6410684289304349, 0.6501877892342416]
0.6461165725498857
nmae
[0.7089615868095983, 0.7133451706585446, 0.7142773409398068, 0.7144643581548623, 0.7115147174807109, 0.710017689949633, 0.7107963503098126, 0.7083420821933737, 0.71251677458786, 0.7123463042387809, 0.7111969221966647, 0.7136609194557663, 0.7122834416272668, 0.7155248096912067, 0.7052639999568391, 0.7077438321771125, 0.7084360272349115, 0.712218838940532, 0.7054941820367214, 0.7157701668059642]
0.7112087757722984
rmse
[1.409178714892891, 1.41296672385742, 1.4089254489614023, 1.408582100952437, 1.4195797427892978, 1.4082004387896876, 1.4125977608786977, 1.408532997843696, 1.414667172748158, 1.4135107743495239, 1.410634137652161, 1.4059295203032922, 1.4130358870156885, 1.4117591126241058, 1.4081658052970378, 1.408407483147426, 1.408636261227936, 1.4066672938858102, 1.4069812528300554, 1.408923275293513]
1.410294095267012
==================================================================================================================================
density = 0.1
mae
[0.6249451123528342, 0.6271776081905045, 0.6243851023666213, 0.626545111053754, 0.6256371870466627, 0.6249115677852833, 0.62774395287623, 0.6245769660190893, 0.6253943978511189, 0.6276311822692044, 0.6256585721739565, 0.625225606358543, 0.623250173588941, 0.6260940955600528, 0.6260097903447661, 0.6229883866755634, 0.6245456362202592, 0.6260394761072077, 0.621988409713947, 0.628457514794572]
0.6254602924674556
nmae
[0.6877802031465835, 0.689962051266487, 0.6873186734297806, 0.6901384183671588, 0.6893139963035767, 0.6877198119161585, 0.6910373689944217, 0.6876775192729325, 0.6878509345315057, 0.6905514695411541, 0.6884913112946034, 0.6878249178319805, 0.6863277016573825, 0.6889315193385762, 0.6890646526167835, 0.6853976857307658, 0.6874867239209467, 0.689268142286894, 0.6841987616593055, 0.6920210918108203]
0.6884181477458908
rmse
[1.377904493805298, 1.3801356776067075, 1.3765499986332286, 1.375497032217218, 1.3835647822690784, 1.3786307436915473, 1.3825235159437552, 1.3764441428576801, 1.380131612757706, 1.3817691079243246, 1.380210734922685, 1.3766464808176797, 1.379943700052507, 1.3795805820360185, 1.3751558798515522, 1.379409155823193, 1.3791349180181554, 1.3768197740103452, 1.3814766763818376, 1.3803875382516502]
1.3790958273936085
==================================================================================================================================
density = 0.15
mae
[0.6192465084474259, 0.6204400508885383, 0.6196790449418152, 0.6196159480189146, 0.61892179569095, 0.6197635562562394, 0.6206796189265801, 0.6200252094121272, 0.6199957753959391, 0.6213990779183444, 0.6204500420318059, 0.6202992267108131, 0.6187461042303682, 0.6203818051043418, 0.6196418283809891, 0.6188094940237487, 0.6187652637098872, 0.6208848499695461, 0.6180044715207863, 0.6235280142967162]
0.6199638842937938
nmae
[0.6817003338338284, 0.6824443576459205, 0.6827495488206557, 0.6828523082381018, 0.681986897127868, 0.6824442734534606, 0.6827651079873626, 0.6830664004194569, 0.6819599779126672, 0.6839938775350031, 0.6827061318911732, 0.682659315770689, 0.6819566398804383, 0.682733388160122, 0.6820589223516479, 0.6811316157909498, 0.6813717129678872, 0.683885185825667, 0.6803040547535913, 0.6872209134743383]
0.6825995481920415
rmse
[1.3685996437703598, 1.3715745286002619, 1.366207872223558, 1.3662325199472851, 1.3700099310228853, 1.3684638681099865, 1.3688731630250692, 1.3679612078598484, 1.375031145398284, 1.370436813984665, 1.3706691712741554, 1.36753695793319, 1.3711781379489822, 1.370064772920961, 1.3680104620530191, 1.3699526447935744, 1.3686544544195562, 1.3682795495179265, 1.369471762617117, 1.3707002425546586]
1.369395442498767
==================================================================================================================================
density = 0.2
mae
[0.6168717038694501, 0.6177458749438444, 0.6173940951775061, 0.6171104219841398, 0.6166185771461062, 0.6167076333318067, 0.6170178927189803, 0.6177942073956917, 0.6172453066646358, 0.6178217060549248, 0.6180135960916949, 0.6171692684187995, 0.6161238212971363, 0.6171127197951133, 0.6174612497838132, 0.6165314576277999, 0.6163488426321533, 0.6176956967598181, 0.6146846477277976, 0.6199192062610208]
0.6171693962841115
nmae
[0.6792961847623143, 0.6800924460650674, 0.680541550544059, 0.6799994071234585, 0.67919221749452, 0.6787338169794032, 0.6783228168429655, 0.6807216289795083, 0.6784574787881107, 0.6797953229806224, 0.6800547197742861, 0.6794304789347251, 0.6792380005138983, 0.6789730836130803, 0.6797600236883417, 0.678604530216929, 0.6784620367522652, 0.6804300252728016, 0.6764189275396205, 0.6833641020829443]
0.6794944399474461
rmse
[1.363080853454627, 1.3653337121414273, 1.3610614442989508, 1.3615019353069542, 1.3661379255455355, 1.364430216300464, 1.3658293398755608, 1.3625477881378736, 1.3697046983622825, 1.3649807580497608, 1.3662392848318634, 1.3640223771087063, 1.3670131239600525, 1.366049936831125, 1.3637273674322052, 1.3640725528837698, 1.3647561046823569, 1.3637292542101318, 1.366903136212752, 1.3652285333073557]
1.3648175171466876
程序运行时间：31398 秒
