Parameter setting:
----------------------------------------------------------------------------------------------------------------------------------
method:UIPCC
dataPath:..\DataSet\rtData.txt
program path:C:\Users\Administrator\PycharmProjects\PaperNew\cUIPCC
outPath:C:\Users\Administrator\Desktop\experiment data201903\2019-03-16UIPCC339and5825_rt
parallelMode:True
threadNum:25
metrics:['MAE', 'NMAE', 'RMSE']
density:[0.05 0.1  0.15 0.2  0.25 0.3 ]
rounds:20
topK:10
lambda:0.8
numUser:339
numService:5825
saveData:True
----------------------------------------------------------------------------------------------------------------------------------
(339, 5825)
==================================================================================================================================
density = 0.05
mae
[0.6229312263101462, 0.6261737819117678, 0.6301915647327794, 0.6217007988165276, 0.6237834815088805, 0.6208924239130883, 0.6230143830789332, 0.6239725474490654, 0.6213922627837829, 0.62265608862178, 0.621706055684757, 0.625230144255516, 0.6191221472636929, 0.6271149457489218, 0.6165527786937938, 0.617137199378643, 0.6210079865805788, 0.6206391944593349, 0.6211069728977977, 0.6273624646253977]
0.6226844224357593
nmae
[0.6854324378200066, 0.6890387386984944, 0.6941648097847827, 0.6847195153838855, 0.6871109579206498, 0.6832974221540722, 0.6858266900122099, 0.6867107440075323, 0.6836797824905704, 0.6853670563218482, 0.6843630749771487, 0.6881716622502722, 0.6816817433450953, 0.6904573700196447, 0.6782390918651815, 0.6792538238379344, 0.6835672250785765, 0.6830705722064625, 0.6835266502406181, 0.6906425241876458]
0.6854160946301315
rmse
[1.3745541665801357, 1.3758945949566734, 1.3751264067845286, 1.3709032008907263, 1.3827764467707424, 1.3707340996854627, 1.3762750317496588, 1.3720808732959207, 1.3760075729004384, 1.3735376469244176, 1.371917204024974, 1.3711793460692183, 1.3749244221856884, 1.3727809241069457, 1.3752037495497684, 1.3723115962108816, 1.3730059155283687, 1.3682844344867504, 1.3724950885805272, 1.3732168218336456]
1.3736604771557739
==================================================================================================================================
density = 0.1
mae
[0.5447644074611533, 0.5477353910166507, 0.5481167698832252, 0.5483881623375811, 0.5444369501857786, 0.5493363904062846, 0.5468154666444678, 0.5506676068660774, 0.5414164261283334, 0.5483719740892086, 0.547427383401316, 0.5463306097617915, 0.544145193156746, 0.5491253659378329, 0.545952699094574, 0.5504858301497952, 0.5459021822520576, 0.5448698015784007, 0.5425471431894914, 0.5493875977862133]
0.546811167566349
nmae
[0.5995377312737871, 0.6025671659857919, 0.6033630362621127, 0.6040486667758245, 0.5998492698930631, 0.6045487690807447, 0.6019491221924255, 0.6063011517175494, 0.5954862978669321, 0.6033464927497231, 0.6024036332259405, 0.6010307366602076, 0.599216712025331, 0.6042378858795941, 0.6009438075075677, 0.6056320183200112, 0.6009176609239889, 0.5999005018940033, 0.5968118982840271, 0.6049538692708823]
0.6018523213894754
rmse
[1.3000274587558318, 1.298914422272996, 1.3007076425133233, 1.2981888741475482, 1.3043106337818842, 1.3015541515894617, 1.3036893745780125, 1.2982081532681375, 1.2984352400982424, 1.3000229443931643, 1.303069334781347, 1.2981430811271728, 1.3046493039346096, 1.3016251939938397, 1.29838996188782, 1.3058520475140802, 1.3009227484678745, 1.2952088920170268, 1.303021833797713, 1.3008966490007212]
1.3007918970960404
==================================================================================================================================
density = 0.15000000000000002
mae
[0.4977943221785523, 0.49740656109852066, 0.5004843004840654, 0.49899495490846923, 0.4964376274400593, 0.5004423143315117, 0.49924752921847126, 0.501969326448453, 0.4978223951444105, 0.49988030484439644, 0.4989173300407394, 0.4986120774428007, 0.4966080007942393, 0.49993213798951425, 0.4986482560947708, 0.5019588785170526, 0.4965042602894412, 0.4968687087141207, 0.49874925688741534, 0.5004880326188913]
0.4988883287742948
nmae
[0.5479991424748001, 0.5471153910706011, 0.5514232458504412, 0.5499210564993627, 0.5470221916767394, 0.5510552986889967, 0.5491863802275013, 0.5530071612140125, 0.5475762304675487, 0.5502342699948902, 0.5489788015972514, 0.5487386812119825, 0.547341019594188, 0.5501779059466583, 0.5488775557214507, 0.5525126315722163, 0.5467403847154011, 0.5472852964709682, 0.5490270012624608, 0.5516124938624755]
0.5492916070059972
rmse
[1.2426055523330515, 1.240724905117293, 1.2393760506197604, 1.23994035048158, 1.24364495029067, 1.2418177144998899, 1.2421965797320618, 1.2398744837218327, 1.24573675748137, 1.2405994732590788, 1.2444975267458624, 1.2399081526745792, 1.2471062032657354, 1.2418545261915421, 1.2402717315784988, 1.2444818809186338, 1.239038361885863, 1.2378786559771628, 1.2418694225139466, 1.2411596309484734]
1.2417291455118442
==================================================================================================================================
density = 0.2
mae
[0.46729295595408127, 0.4660640789491777, 0.4671963023142915, 0.4679943744629709, 0.4657076707794863, 0.4672229636823677, 0.4670604466872684, 0.4698782881835801, 0.46756293177840663, 0.4670994236752214, 0.46617524991879483, 0.4661834235768698, 0.4652702539569565, 0.46618103440545205, 0.4675268962547956, 0.46882019212179205, 0.46699181483375496, 0.4664579873415448, 0.464855909511345, 0.468395988663956]
0.4669969093526056
nmae
[0.5145807793658989, 0.5131020251724424, 0.5149814332027366, 0.515687121518283, 0.5129670712888358, 0.51421452951263, 0.5134660786524966, 0.5177392567385539, 0.5139311136820183, 0.5139541075838, 0.5129736318975687, 0.51321289467921, 0.5129313720267703, 0.5129117652238542, 0.5146980384345862, 0.5160215302802641, 0.5140533995094057, 0.5138323316487677, 0.5115425233645365, 0.5163334205164527]
0.5141567212149556
rmse
[1.1984952345887587, 1.1958207344435132, 1.1926655546544307, 1.1958895747311231, 1.1999550428045653, 1.1984544989724224, 1.2000491484418767, 1.1940200218822574, 1.2028295417323085, 1.196202686991916, 1.1995567526082296, 1.1979355023404619, 1.203808916594581, 1.198584309038283, 1.1969344174008951, 1.1990686035947182, 1.2000901749877857, 1.1974177067770821, 1.1989871091053421, 1.1984390316366658]
1.1982602281663608
==================================================================================================================================
density = 0.25
mae
[0.44655369265135836, 0.4472350806713538, 0.44745811307957806, 0.44804245526759684, 0.448133723724472, 0.4480377117698364, 0.4483712209593117, 0.4486747868771334, 0.44808586705288506, 0.4460694783439674, 0.4469567000180968, 0.44558229376655206, 0.44586891635402076, 0.4446565779735849, 0.4485069797395881, 0.44992887250154323, 0.4474914809940125, 0.448754711023961, 0.44665168279694467, 0.447453611126193]
0.4474256978345995
nmae
[0.49133244129983705, 0.49204642414292055, 0.4929995199953134, 0.4939902912714893, 0.49362205058349934, 0.4931917776446227, 0.49250204323334335, 0.4944938503450194, 0.4924628405164091, 0.49080413187225763, 0.4914989711814446, 0.49028863509228937, 0.49117671933863094, 0.48931990002911674, 0.4935938320903878, 0.4952605772741428, 0.4927291610046591, 0.49419506910796496, 0.49126121565586994, 0.49336327220606524]
0.4925066361942642
rmse
[1.16754673682576, 1.1672376105412865, 1.165944176072672, 1.1684791062035533, 1.1707221246920398, 1.1678825773175656, 1.1733208856282515, 1.163371994111685, 1.1740148761011464, 1.1661481844789123, 1.1711670385467177, 1.1668079146484918, 1.172189595117742, 1.165563368534056, 1.1689316169059245, 1.1701210790132355, 1.1694952869390227, 1.1719260679178813, 1.1699242800868885, 1.1664370550923553]
1.1688615787387593
==================================================================================================================================
density = 0.3
mae
[0.4330087798766328, 0.43485092788108837, 0.432341134534749, 0.4351805574074192, 0.43545169097808095, 0.43498672760777557, 0.43471785280984715, 0.4352160666357338, 0.4355243079086543, 0.4326915955320705, 0.43462718849212334, 0.43237314937610827, 0.43241456702712655, 0.4317054911742637, 0.43519740343825103, 0.43506148420095997, 0.43481374114262966, 0.434234389873312, 0.43307143827261746, 0.4345709378961729]
0.43410197160328085
nmae
[0.4765172932328722, 0.47856728956409617, 0.4764071410505315, 0.4798766324331554, 0.4791969391839734, 0.47918135460040645, 0.4777939783334747, 0.4798467485087725, 0.4787644356154035, 0.4760223923096498, 0.47809268090239493, 0.4763988706954815, 0.4765455214218573, 0.4744601086767571, 0.4790404526858643, 0.4790459990249068, 0.4788454348663287, 0.47833105994302716, 0.4766383556872232, 0.4785196385098161]
0.47790461636229964
rmse
[1.1449856585421327, 1.14748822243604, 1.1420167478906935, 1.1460105099498696, 1.1509559108782508, 1.1475267919259613, 1.150393729544851, 1.1395567939830002, 1.1514480868168422, 1.1459103040009764, 1.1501054871533651, 1.1433737007025075, 1.147969696735156, 1.1455662701512697, 1.1474897853559318, 1.1478858709718656, 1.1494333697519787, 1.1469646655345371, 1.1473743310011206, 1.1459284263381178]
1.1469192179832235
程序运行时间：728.841554793 秒
