Parameter setting:
----------------------------------------------------------------------------------------------------------------------------------
dataPath:..\DataSet\rtData.txt
program path:C:\Users\Administrator\PycharmProjects\smallPaper\cBiasedMF
outPath:C:\Users\Administrator\Desktop\experiment data201903\rt\2019-03-17BiasedMF339and5825_rt.txt
parallelMode:True
threadNum:25
metrics:['MAE', 'NMAE', 'RMSE']
density:[0.05 0.1  0.15 0.2  0.25 0.3 ]
rounds:20
maxIter:300
dimension:10
lambda:20
etaInit:0.01
numUser:339
numService:5825
method:BiasedMF
debugMode:False
saveData:True
----------------------------------------------------------------------------------------------------------------------------------
(339, 5825)
==================================================================================================================================
density = 0.05
mae
[0.5870373115641854, 0.5844551054698509, 0.5906681498314206, 0.5897382171483995, 0.6014892890858196, 0.5871367788347972, 0.5891152492377003, 0.5944041003262314, 0.5903983687537893, 0.5878500858443939, 0.6011262050545367, 0.5898775156552875, 0.5824921331570885, 0.5847459626925533, 0.5878830538177767, 0.5966666000243102, 0.5892289846408827, 0.5883357633483314, 0.5860575552976991, 0.5845972175340907]
0.5896651823659573
nmae
[0.6460565773782685, 0.6432485314657401, 0.6501402053183564, 0.6482285941440384, 0.6621261072132499, 0.6457555169553449, 0.6484702191397543, 0.6541611596200755, 0.6493437450913494, 0.646776322784058, 0.6618382123486859, 0.6487152979030668, 0.6411041891853333, 0.6434609487847879, 0.6471924779097272, 0.6568519345486283, 0.6487667485147979, 0.6472858453009742, 0.6448659335559223, 0.6431385406611921]
0.6488763553911676
rmse
[1.392265730531484, 1.3877364665561742, 1.3932738365568342, 1.4051551505174396, 1.3885885070296995, 1.4033928750074955, 1.3833535489532696, 1.388527836124156, 1.3971137040546802, 1.3893351206732911, 1.3887960484197859, 1.4093682183334437, 1.383756767495953, 1.3906022430278397, 1.3853942701347073, 1.382046067041894, 1.3844632812383544, 1.390996839897736, 1.3925431184437058, 1.392391050383665]
1.3914550340210803
==================================================================================================================================
density = 0.1
mae
[0.5153933371720303, 0.518228171902964, 0.5139300917433947, 0.5108446688680093, 0.5136243506984685, 0.5085003285291702, 0.51053898459083, 0.5192751376992557, 0.5181116549933741, 0.5147779687736043, 0.5202819860343998, 0.5176139679864257, 0.507399853546469, 0.5103048838476462, 0.5093915910144579, 0.5123470446906221, 0.511196139189683, 0.5160887284400423, 0.5136941391172192, 0.5107934456094857]
0.5136168237223775
nmae
[0.567048830605621, 0.5708619624955225, 0.5657092889567591, 0.5616763207822737, 0.5651635679719466, 0.559475592601654, 0.5617891574269587, 0.5716281761303883, 0.5700743493113264, 0.5665128637335337, 0.5728750907355445, 0.5694523020976819, 0.5580251676386766, 0.5616197536693047, 0.5608383652240106, 0.564135455972049, 0.5628679447438237, 0.5679972661585462, 0.5652055523891903, 0.562290120100991]
0.5652623564372902
rmse
[1.2682337658320064, 1.2709489300989527, 1.265242450488628, 1.2673222904128387, 1.2659819632564877, 1.2626295768302045, 1.2643648779022139, 1.2672288742905913, 1.2709753396316856, 1.266761890784577, 1.2702320358303765, 1.2735915549769574, 1.2551596272708716, 1.2619098630367904, 1.2607324703272096, 1.2593716578583896, 1.2563696240134814, 1.2668764072663892, 1.27109535633558, 1.2658416152296903]
1.265543508583696
==================================================================================================================================
density = 0.15000000000000002
mae
[0.47673360583164043, 0.48134951716987195, 0.47746008860555944, 0.4720350261592407, 0.47731350132286754, 0.4745898472607942, 0.4778809530040539, 0.4810485309160051, 0.48136591122511385, 0.4823971062108576, 0.47874413027962653, 0.48312231057093774, 0.4735076671218692, 0.4782031120110149, 0.4762556621238174, 0.47516671815257655, 0.4749288685412625, 0.481925095736389, 0.4846094894739442, 0.4768778310862085]
0.4782757486401826
nmae
[0.5247039395514025, 0.5304080874150446, 0.5259389124115084, 0.5191843547577221, 0.5252722288655417, 0.5223788356859125, 0.5258016680994987, 0.5300227629526633, 0.5294571167277028, 0.5308222197414871, 0.526874462801841, 0.5315399262123421, 0.5205164930044495, 0.5261538881399466, 0.5245611841007637, 0.5232127482987191, 0.5232802605460544, 0.5302803523516099, 0.5331077145025228, 0.524982656313078]
0.5264249906239905
rmse
[1.2121682415410149, 1.2114109025039255, 1.207612654813452, 1.2016215404883273, 1.2184836887922337, 1.207606673798735, 1.2089879207127303, 1.210326991330308, 1.217000258684796, 1.213005982542573, 1.2094312480231089, 1.2205892852140572, 1.204745096485489, 1.2139812994715207, 1.206507203243176, 1.2082816332356492, 1.2008520689556756, 1.2179994403462346, 1.2202815955820452, 1.2152095853424096]
1.211305165555373
==================================================================================================================================
density = 0.2
mae
[0.45344533294226347, 0.46189336295219074, 0.45945796431784863, 0.45355131492265316, 0.4588429007362811, 0.4553513901322487, 0.4570523607901717, 0.45837741253058906, 0.4592020621711474, 0.4576539738797211, 0.46278764491768837, 0.46154907421238545, 0.45732512750517923, 0.4556911694411697, 0.45864332329106805, 0.45570448708077055, 0.4608726180454513, 0.4625880595041126, 0.46301536497952867, 0.4560941622837501]
0.45845495533181085
nmae
[0.49901368376162547, 0.5091665790086489, 0.5060710175744619, 0.49859073878595517, 0.5046555573697843, 0.501700901124453, 0.503048345501472, 0.5051602903397103, 0.5053119495149757, 0.5038016471697895, 0.5093506697302206, 0.5074460907037527, 0.5025938802294886, 0.5010558184528706, 0.5049255420970312, 0.5016038915935518, 0.5077986103047106, 0.5091383812370358, 0.5095015237636792, 0.5020901104534372]
0.5046012614358328
rmse
[1.1791881062460938, 1.183620254252809, 1.1860850445433082, 1.1754209456298053, 1.1873563930541433, 1.1761141611322634, 1.177813248657151, 1.1794932480135791, 1.1834731856974, 1.1798951799523654, 1.1856865012278746, 1.1881632128965947, 1.178062780525404, 1.1811754907788152, 1.179542837645383, 1.181749178972664, 1.1746577316228068, 1.1920981525689898, 1.188395950680873, 1.1814633101231171]
1.181972745711072
==================================================================================================================================
density = 0.25
mae
[0.4361631617742127, 0.44028863810035535, 0.4405946518458284, 0.43635935908206885, 0.44586769751294686, 0.4365116416209864, 0.43841381285352415, 0.44201231240182354, 0.4420905642472828, 0.4380153427253138, 0.4407626706097705, 0.4425937732455569, 0.44050920824947176, 0.439925350919078, 0.43935719438056287, 0.4376726360190793, 0.43805484854391313, 0.444722525744545, 0.4449533238426572, 0.4395622949486857]
0.44022155043338324
nmae
[0.48020606642926084, 0.48507627262101544, 0.48539891402161167, 0.4797770750010411, 0.490298486930584, 0.4806393336143742, 0.4824061130093054, 0.4869474643246536, 0.48654611306849177, 0.4819548231698074, 0.4850897221366285, 0.486321477202352, 0.4843412455879772, 0.4839613410876474, 0.4835846128124879, 0.48162643265164123, 0.48257898724147735, 0.4893244978650901, 0.489017209909758, 0.4841508207077873]
0.48446235046964964
rmse
[1.1510757777511371, 1.1568493925659997, 1.1644198538702302, 1.1521220994034418, 1.167498485380108, 1.155708848477188, 1.154940108652328, 1.1556794613487693, 1.1613351302692572, 1.152917425576921, 1.151568815926407, 1.1627978027675803, 1.155826232902208, 1.156966148257924, 1.1589004780072814, 1.1527682162320665, 1.1524137383364452, 1.1611003847082635, 1.16263014120904, 1.161392238110652]
1.1574455389876621
==================================================================================================================================
density = 0.3
mae
[0.42563828097822015, 0.4311330826992662, 0.428387813126027, 0.4264296119609748, 0.429075492204614, 0.4245997765037753, 0.4301195018354908, 0.42872020216031415, 0.4313675426417524, 0.43007311256546027, 0.4278652262739143, 0.43072309576361906, 0.4279888256656481, 0.42748092609988925, 0.42817492924059797, 0.42821925448099013, 0.428377878672977, 0.43248044028323895, 0.4289989555894645, 0.426388845615126]
0.428612139718068
nmae
[0.4682955960702138, 0.47557524812572977, 0.47200556779512753, 0.46850697341879227, 0.4714316469307389, 0.46765163285469596, 0.47338227921093035, 0.472169164976872, 0.47520914075965165, 0.4737132868455323, 0.4705021848133816, 0.47335022593824366, 0.47046319122316804, 0.47006241348411, 0.47104909490278085, 0.4709324380909554, 0.4725062754944389, 0.47621747951327204, 0.4715080114611164, 0.4692682126126954]
0.4716900032261223
rmse
[1.1390444603059722, 1.1436431464703485, 1.1423919251128818, 1.142838465617169, 1.1494742509418678, 1.1374722085776294, 1.1427508437679075, 1.133901537581824, 1.141894342376009, 1.1415576265942626, 1.1446219264269732, 1.1432967564712322, 1.1421762939707052, 1.141562125806736, 1.142685694128218, 1.1420131638104636, 1.1383365206104363, 1.1406228481488192, 1.1409552661918425, 1.1414482616789594]
1.141634383229513
程序运行时间：2511.270689641 秒
