Parameter setting:
----------------------------------------------------------------------------------------------------------------------------------
currentDate:2019-06-10 21:18:27
dataPath:..\DataSet\tpData.txt
program path:C:\Users\hp\PycharmProjects\test\ourNMF0407
outPath:C:\Users\hp\Desktop\ZhaoZhuangData\实验数据201906\tp\2019-06-10ourNMF参数topK分析_tp.txt
parallelMode:True
threadNum:7
metrics:['MAE', 'NMAE', 'RMSE']
density:[0.05 0.1  0.15 0.2 ]
rounds:20
topK:[ 5 10 15 20 25 30 35 40 45 50]
u:0.1
dimension:10
lambda:800
weight:0.1
maxIter:300
numUser:339
numService:5825
method:mainOurNMF.py
saveData:True
----------------------------------------------------------------------------------------------------------------------------------
数据集： (339, 5825)
算法创新点：
1.改进PCC，在PCC前面加上一个min(sigma_u1,sigma_u2)/max(sigma_u1,sigma_u2)
2.利用局部平均值
3.利用以上两点改进的UIPCC对稀疏矩阵进行填充，在利用NMF进行矩阵分解时，原来的真实调用的数据权重为1，填充的数据权重为一个小于1的参数weight
++++++++++++++++++++++++topK:  5
==================================================================================================================================
density = 0.05
mae
[18.856873347080754, 18.814607842886012, 19.074865488368868, 18.805616620898277, 18.999466769847675, 18.730550372723282, 18.647947918273015, 18.756631443342958, 18.863173779564228, 18.664939742525323, 18.86684846153086, 18.758425007407592, 18.876933240513978, 18.773628848854152, 18.934116850103806, 18.903342886126584, 18.75887376185036, 18.99694237459443, 18.7367652591135, 18.858886795655156]
18.83397184056304
nmae
[0.39680098589713036, 0.3956935294154236, 0.40122182408120294, 0.39551406571745834, 0.39941749873413923, 0.39351058285653207, 0.3919664099141776, 0.3943728724453896, 0.3965877001074926, 0.39252459366386816, 0.39679682397382676, 0.3942759627060143, 0.3968149635988459, 0.39448783960989003, 0.39810660575672846, 0.39730132775569477, 0.394359046706418, 0.3993570693264749, 0.39396290239102616, 0.39642322713877826]
0.3959747915898256
rmse
[52.709775083681855, 53.073310741396966, 53.49878637628005, 53.07119202545622, 53.355122283116415, 53.17406326535388, 53.13183851464707, 53.294302810499794, 53.017528621036156, 52.72556370300385, 52.90019274065819, 53.043239600538335, 53.59697371654293, 53.16076550683108, 53.17733989551976, 53.524043892864924, 53.23267222945416, 53.26806664762086, 53.26663273634034, 53.44667498800209]
53.183404268942255
==================================================================================================================================
density = 0.1
mae
[15.192600168489406, 15.075593488207344, 15.035738906104017, 15.204796339214058, 15.274218422244234, 15.242659808557905, 15.110673940954202, 15.03171524736339, 15.165135247324557, 15.192211636893706, 15.13273969276492, 15.132429917150608, 15.190385880396311, 15.02426319233333, 15.151120339343336, 15.17653585878507, 15.176241704396007, 15.235126732955475, 15.10824312174676, 15.143748362309424]
15.149808900376701
nmae
[0.31959486861665176, 0.3172367391182423, 0.31623445211638146, 0.31974634281082975, 0.3209998795366659, 0.3201483316763197, 0.3177443572198798, 0.3162786890734102, 0.31882728069312527, 0.3196807123679615, 0.31813790503247913, 0.31817098511549863, 0.3193816895389013, 0.3157387593088946, 0.3187181795376158, 0.3188429469004587, 0.31877629949526065, 0.3203151890489905, 0.31768703944124127, 0.3183959896967875]
0.3185328318172798
rmse
[45.50938727931701, 45.430000926122474, 45.45096160395928, 45.5468215731871, 45.94331096388334, 46.10723812800539, 45.471111274651506, 45.16484325600025, 45.71654575506994, 45.3534666718033, 45.6192338578192, 45.326201739994666, 45.53149256131646, 45.22835117568008, 45.253754811852396, 45.518471593124794, 45.464805587124815, 45.64792962175914, 45.56497920499073, 45.829974830601955]
45.53394412081319
==================================================================================================================================
density = 0.15000000000000002
mae
[13.67068715742433, 13.640866684276652, 13.684982571765971, 13.818604112738992, 13.739339595655332, 13.681712768403091, 13.65047058973231, 13.639992634864438, 13.784566688639899, 13.724021989417105, 13.987375703165043, 13.62700542307767, 13.712424617200503, 13.716208984002382, 13.603853999833891, 13.753815350278202, 13.62052354792984, 13.749892852782331, 13.708257731605974, 13.89512056060576]
13.720486178169983
nmae
[0.28774812376137116, 0.2871506227460279, 0.2879075902105475, 0.2904182423603562, 0.2888455181576048, 0.28742357704056565, 0.2871558599010792, 0.2871688034454684, 0.2898163594577633, 0.28892531731225446, 0.29403386075664906, 0.28654232157966847, 0.2883706861465886, 0.2882544039812754, 0.28618548200193206, 0.28913499916516555, 0.2860083950899601, 0.2890729865914866, 0.28846330957545185, 0.2919786664010576]
0.28853025628411366
rmse
[41.88956426147557, 42.274785962198976, 42.104293889694134, 42.32321878331181, 42.19061210060549, 42.24684816146193, 42.24994022084753, 42.034457537085316, 42.44169761762409, 41.88849790195564, 42.69619201427471, 41.93661482622426, 42.17625717483013, 42.18232197988359, 41.862393720327056, 42.22926407378979, 42.02614567575156, 42.19612640101491, 42.31423633829349, 42.67819440324836]
42.197083152194914
==================================================================================================================================
density = 0.2
mae
[13.153496155625605, 13.078478254604244, 12.92585545701463, 13.1176800665099, 13.174753560391949, 12.946862231757908, 13.122386769611825, 12.992822513759037, 13.136758542870426, 13.115947344204246, 13.142853852667104, 12.959023257056044, 13.21022126185385, 13.098472311886288, 13.17279393791585, 13.041561131887677, 12.997949948305013, 13.13573634721724, 13.277120475619558, 13.399806767234418]
13.11002900939964
nmae
[0.27692076345895, 0.2756097393222192, 0.27179709109613, 0.27557097568651584, 0.2769604870008472, 0.2720185006665305, 0.2758199494396081, 0.2737928675939252, 0.2761668587048603, 0.2760005793836694, 0.2762586312562916, 0.2725007502909763, 0.2777879781124158, 0.27530287063486747, 0.2769672765978537, 0.27407268824197156, 0.273019653441605, 0.27595554080297824, 0.27949600124074436, 0.28158689747968885]
0.27568030502263247
rmse
[40.26051052556479, 40.57009639238433, 40.26007219960498, 40.52943992751356, 40.52991782061274, 40.313058593669986, 40.4715297255974, 40.17488356111882, 40.68178409512827, 40.34321236708176, 40.53469418152746, 40.16716660652312, 40.56099446176976, 40.522235053576814, 40.52208223209062, 40.37648002132945, 40.38113030025967, 40.375415777315844, 40.57878305624856, 41.06335058504412]
40.4608418741981
++++++++++++++++++++++++topK:  10
==================================================================================================================================
density = 0.05
mae
[19.3224517058162, 19.2887613259173, 19.51191307426537, 19.301800830744938, 19.526567858714557, 19.2258841223611, 19.20037967103149, 19.250776618788425, 19.293200696034393, 19.19301718234416, 19.36613751789878, 19.226350435586795, 19.33937909586159, 19.292035149290932, 19.375738649268676, 19.401776367706578, 19.27606348485051, 19.413220527824823, 19.198049981596316, 19.353595089450067]
19.317854969267653
nmae
[0.40659804760286605, 0.40566553982095577, 0.41041470828427135, 0.40594966259989035, 0.4104985149039914, 0.4039170615050369, 0.40357812675295934, 0.4047626619357954, 0.40562877600385006, 0.403630087994272, 0.40729758737454175, 0.40411110337465384, 0.40653611019178704, 0.40538104428256805, 0.40739209590583686, 0.4077771618567077, 0.4052316848358713, 0.4081081420002044, 0.4036619654675397, 0.4068222427563745]
0.4061481162724987
rmse
[53.60556226414416, 53.94496456957318, 54.30740754317898, 54.0290276979276, 54.41372227561283, 54.08913415519307, 54.20182801661567, 54.1686966612367, 53.84420409775219, 53.728503293861976, 53.87416299246565, 53.979646068424195, 54.45648046174235, 54.17773714267395, 53.91742391934489, 54.50178635519968, 54.06372704231371, 54.033960527385055, 54.14933609928228, 54.37587077164477]
54.09315909777864
==================================================================================================================================
density = 0.1
mae
[15.377316582488161, 15.283013337679064, 15.291267035521381, 15.376559432130707, 15.45670615582215, 15.407093251049151, 15.324826591352974, 15.25309934597758, 15.359000116078883, 15.271210963214099, 15.307588535561166, 15.365061235472652, 15.347139781225795, 15.268749570598814, 15.297444759265913, 15.329841128141638, 15.419506195282938, 15.430008850238174, 15.310816115893763, 15.439441543311414]
15.345784526315322
nmae
[0.32348060360661834, 0.3216014891180534, 0.32160876717407505, 0.32335840176674824, 0.3248350047703159, 0.32360200006140105, 0.32224751813207897, 0.3209367784091349, 0.32290303787687846, 0.3213430484068672, 0.32181377904299596, 0.32306223761919295, 0.322677479789585, 0.32087670349645786, 0.32179625242563314, 0.3220637282639951, 0.32388605958698824, 0.3244125427063542, 0.32194662238961713, 0.32461291306075724]
0.3226532483851874
rmse
[46.09071437918035, 45.89246085840528, 46.07580444955481, 45.94021428075433, 46.41129721699614, 46.631178030596686, 46.01603885450794, 45.70525831769745, 46.191446542382415, 45.67709838736139, 46.04138501631626, 45.89975408566959, 45.97368634919792, 45.827177024620475, 45.666868287731994, 45.99426137574766, 46.054834876468185, 46.15148916048489, 46.084735232679115, 46.49612156075091]
46.041091214355184
==================================================================================================================================
density = 0.15000000000000002
mae
[13.949878686918598, 13.722910619719356, 13.778474885367283, 13.866458809915457, 13.851662654374973, 13.799240175378578, 13.738913164773066, 13.731460332080504, 13.798887166829878, 13.77419071624551, 13.932575068485077, 13.717496465799698, 13.841207299444362, 13.790561490431056, 13.68058770402225, 13.860230253856956, 13.727116123417165, 13.817441639175232, 13.793190101006463, 13.997643711196867]
13.808506353421915
nmae
[0.29362470025360793, 0.28887771001256224, 0.2898745014996928, 0.29142397904181044, 0.2912069134685687, 0.28989257695928994, 0.28901636745799797, 0.28909451336823705, 0.2901174431949935, 0.28998149569270487, 0.2928818761007126, 0.2884451250686744, 0.2910789708941216, 0.28981696674552815, 0.2877997357361465, 0.2913720710084183, 0.288246662314884, 0.29049310888860513, 0.2902505441640504, 0.2941329890393004]
0.2903814125454954
rmse
[42.59087496148826, 42.50722686782295, 42.42744299021878, 42.59025443618477, 42.584748195647144, 42.61193354223198, 42.50438108090239, 42.383424195035694, 42.51541570916389, 42.15293843905499, 42.87067934459897, 42.2210070882448, 42.561920966974725, 42.4895063126019, 42.185090537159674, 42.640096267196185, 42.30756900262238, 42.46755433851889, 42.5950997363589, 42.997617279638604]
42.51023906458329
==================================================================================================================================
density = 0.2
mae
[13.19115781457623, 13.10752730888134, 13.000271045101398, 13.174353010108362, 13.160193590103377, 13.066231384592305, 13.151028301756151, 13.014416781751942, 13.20889415093026, 13.25375180098822, 13.185547460139452, 13.00599885779267, 13.185300613366017, 13.131474714382431, 13.208237517517766, 13.129683334185424, 13.040839635782536, 13.193978180986562, 13.441106198988466, 13.467160672261883]
13.16585761870964
nmae
[0.2777136549629534, 0.27622190551778164, 0.27336185719160844, 0.27676153821611493, 0.27665440640181693, 0.27452649197736706, 0.27642196689928356, 0.27424791549064725, 0.2776833259683513, 0.2789004164229539, 0.2771560373825349, 0.2734885474568723, 0.2772639402163455, 0.2759965130634422, 0.27771250283926374, 0.2759246052504724, 0.27392054378645964, 0.27717908520965134, 0.28294805652836064, 0.283002289319234]
0.27685428000507584
rmse
[40.507465064935744, 40.74289585753919, 40.50716740871207, 40.761972091243365, 40.58263905242693, 40.60605945709609, 40.68758396338914, 40.35306550230454, 40.97179891243145, 40.63102954606472, 40.70391339867931, 40.3773806504049, 40.595003413075254, 40.73111378422853, 40.69655237614933, 40.661862254505145, 40.552426331638124, 40.58214712979823, 41.03404062346257, 41.32644331177819]
40.680628006493144
++++++++++++++++++++++++topK:  15
==================================================================================================================================
density = 0.05
mae
[19.634309322448065, 19.58400954883301, 19.820086015412418, 19.633675630720035, 19.84063035764873, 19.57101891110779, 19.54365962498175, 19.540839044181624, 19.619711049129897, 19.515535182174254, 19.689942773074282, 19.528457166449318, 19.640465684241974, 19.61174450671906, 19.675872394244777, 19.68952611595051, 19.589642907217986, 19.722116294528096, 19.512955694349465, 19.671450945056502]
19.63178245842348
nmae
[0.4131603979703627, 0.4118749603071405, 0.4168968357548363, 0.4129295534534267, 0.41710091376549835, 0.4111680065750524, 0.4107936236931636, 0.41086145170176863, 0.4124934739337242, 0.4104126572700871, 0.4141076752968385, 0.41046096601524074, 0.412865298417756, 0.41209905574057054, 0.41370267418268086, 0.41382494704091366, 0.4118239186576628, 0.4146018032265999, 0.41028323476670014, 0.41350373172281185]
0.41274825897464174
rmse
[54.10519728587225, 54.43686032566275, 54.814608816536214, 54.60416817971463, 54.94985576207936, 54.650752910827904, 54.79505814287181, 54.642308628482446, 54.40368363294064, 54.264739646755935, 54.40365080891612, 54.479734195243246, 54.92362235658396, 54.680867603890555, 54.39029660501672, 55.00426529905721, 54.567047521338864, 54.5277833055878, 54.665347916005835, 54.88900936553163]
54.609942915445785
==================================================================================================================================
density = 0.1
mae
[15.577960166197467, 15.525221048989634, 15.542474054145233, 15.626977209549937, 15.689928770171916, 15.635894017731765, 15.498057216690825, 15.50266257052461, 15.56709008270349, 15.478077482486324, 15.546701143055348, 15.596751113953887, 15.573316493163105, 15.5172826012296, 15.53221203169618, 15.54536256969917, 15.634512025454985, 15.627884265799636, 15.548348896295993, 15.679989647318214]
15.572335170342864
nmae
[0.32770138603116666, 0.3266982824605883, 0.3268921998273285, 0.32862451429586576, 0.32973636397848816, 0.3284076038510084, 0.3258901785398052, 0.3261877779259408, 0.3272778592758601, 0.32569601806175463, 0.32684068002454275, 0.3279336956256904, 0.3274329021311672, 0.3260996891253762, 0.32673480455960885, 0.3265916055204285, 0.3284022477346967, 0.32857282980174235, 0.32694131867350285, 0.32967041598622526]
0.3274166186715394
rmse
[46.373312783352375, 46.38093728197975, 46.55749847034831, 46.47651939331367, 46.87902058980785, 47.143164223167055, 46.42681519880375, 46.21080784858366, 46.629893843110594, 46.07864365552863, 46.530947803903075, 46.35919377214128, 46.46729715866935, 46.34903138220018, 46.170462979512166, 46.47986399922861, 46.486980723170305, 46.568975929396885, 46.58682102947758, 46.989532081958515]
46.50728600738268
==================================================================================================================================
density = 0.15000000000000002
mae
[14.042765888547436, 13.83071315302181, 13.900545044068092, 13.953372566679192, 13.987424003875848, 14.007567062038419, 13.857553564218627, 13.837038057259319, 13.920334676851189, 13.893213810189765, 13.974194441391765, 13.845197327225636, 13.955402650966036, 13.864919508437968, 13.787486022045186, 13.978071762889371, 13.845653728481546, 13.89985896271963, 13.891803508124719, 14.09672831943825]
13.918492202923488
nmae
[0.2955798410363905, 0.29114703536320735, 0.29244263960610717, 0.29325059917437435, 0.2940610577357907, 0.294269080104114, 0.2915121265380859, 0.2913172879562965, 0.2926708404844849, 0.2924872323646403, 0.29375677251857707, 0.2911303592903283, 0.2934804857824331, 0.2913796453389216, 0.2900485651244186, 0.2938493548564248, 0.2907357553415191, 0.2922258221627333, 0.2923256692705953, 0.29621505746389626]
0.29269426137566695
rmse
[42.84989726344747, 42.746845799931286, 42.742893494267754, 42.84325770400211, 42.944575178890815, 43.083851571217565, 42.77057786468114, 42.648493450172516, 42.83185333994934, 42.45141179001998, 42.84421975678658, 42.510873844297244, 42.86527893740138, 42.77041045160348, 42.46359565793238, 42.94934308912501, 42.60852686319326, 42.722299847472925, 42.844224876385695, 43.30182996703074]
42.78971303739043
==================================================================================================================================
density = 0.2
mae
[13.290408467896349, 13.158144366815863, 13.089511222916414, 13.228236996542682, 13.157077846606978, 13.210590865767896, 13.180757545540112, 13.046829429206285, 13.290108601692582, 13.257202918825445, 13.239273735115235, 13.057084082400126, 13.208390891082857, 13.169107894251892, 13.19829662089978, 13.189846070397111, 13.091350185368803, 13.25381132280997, 13.498500146370205, 13.501900618866191]
13.215821491468642
nmae
[0.27980318054353087, 0.2772885857439525, 0.2752383458170371, 0.27789351144920926, 0.27658890704866573, 0.27755953959334145, 0.2770468470115173, 0.27493093503343236, 0.2793906527548853, 0.27897303874276036, 0.2782853466903682, 0.27456276128905555, 0.277749488598456, 0.27678748488080285, 0.27750348848162626, 0.2771889449011307, 0.2749815090000537, 0.2784360598149096, 0.2841562536534883, 0.2837323232632187]
0.2779048602155721
rmse
[40.769942033366306, 40.923604946913905, 40.75218029683509, 40.938031069215334, 40.73332117542517, 40.9502085024192, 40.83914383476026, 40.48389694900489, 41.24907965150733, 40.68098375025984, 40.87593662569596, 40.57367356700154, 40.912667351754294, 40.9188073649268, 40.8172057834734, 40.87316547439956, 40.71973579655216, 40.78887491036081, 41.28152551046877, 41.502143155696025]
40.87920638750184
++++++++++++++++++++++++topK:  20
==================================================================================================================================
density = 0.05
mae
[19.75680793452793, 19.693183025484338, 19.941920725778715, 19.752667725522937, 19.955947617413717, 19.700960436270822, 19.659093633539726, 19.64957874586135, 19.744664523834214, 19.619501039891272, 19.812335413785327, 19.64726778998075, 19.751220982442018, 19.725157819238998, 19.773684392221625, 19.801662786665382, 19.69445920878865, 19.823738571692573, 19.62900886840617, 19.786687040132254]
19.74597741407394
nmae
[0.4157381089805417, 0.41417100807255014, 0.41945951410029453, 0.41543215935848554, 0.4195251781942929, 0.4138979511995647, 0.4132199632622556, 0.41314778913020433, 0.4151205509957566, 0.4125990643315742, 0.41668176769022025, 0.4129581998157361, 0.41519350284925255, 0.41448219503661143, 0.41575925822222815, 0.4161817814079091, 0.4140274228387487, 0.41673812464014287, 0.41272339157342713, 0.4159260520425523]
0.4151491491871175
rmse
[54.29818216507165, 54.60827141185292, 55.00708660861492, 54.78934951069492, 55.13755235818051, 54.83088284976648, 54.98338750833172, 54.80452211913801, 54.60337167310613, 54.445207462286305, 54.590525229383545, 54.66076053406917, 55.08805553464401, 54.84902290191972, 54.54527244345109, 55.186301952246744, 54.734566376259984, 54.69313438158522, 54.848881573256975, 55.06498129131726]
54.78846579425887
==================================================================================================================================
density = 0.1
mae
[15.766716337610355, 15.707883701291127, 15.73892802373213, 15.797493473871373, 15.900093472667027, 15.816788414239358, 15.656600718138783, 15.69878845413542, 15.733887407201152, 15.676432512443538, 15.74190251460404, 15.776161787193649, 15.758394071182833, 15.71638749387103, 15.817711178316332, 15.729074613115484, 15.80433771334067, 15.795763365361308, 15.742036389411174, 15.855004247368145]
15.761519294454747
nmae
[0.3316721022439453, 0.3305420650765194, 0.331024056188121, 0.33221035330943605, 0.33415314278306135, 0.33220700894033445, 0.32922400091965526, 0.3303144152618011, 0.33078455648160116, 0.3298698854876468, 0.33094442836521226, 0.3317059431072554, 0.3313242048294082, 0.3302839297081034, 0.332740549760776, 0.3304512010071058, 0.33196942895109455, 0.33210245095002927, 0.3310140626562886, 0.3333500827015659]
0.33139439343644805
rmse
[46.72330545917428, 46.73616278182179, 46.934642737690915, 46.80534514804643, 47.269632775335175, 47.523551486849826, 46.759291750452455, 46.58412502249104, 46.961622331556185, 46.44781326675195, 46.88595245028446, 46.73177496169594, 46.853139648152336, 46.73042463826352, 46.782208126767415, 46.87381933966687, 46.836086774709266, 46.92455709281302, 46.98394688385726, 47.310634944203606]
46.882901881029184
==================================================================================================================================
density = 0.15000000000000002
mae
[14.103142527448808, 13.94048233034426, 14.008528405538927, 14.047380552245107, 14.105368736289474, 14.10836347925933, 13.975368669325615, 13.951284397000753, 14.092283045189555, 14.00388256618581, 14.054434730663585, 13.954011316607762, 14.062142689475342, 13.95545230034015, 13.893522634438224, 14.110556442809003, 13.961008130770534, 13.995010902678741, 13.992150666989986, 14.185207353667487]
14.024979093863418
nmae
[0.29685068165784767, 0.2934577600668505, 0.2947144166595938, 0.2952263149350366, 0.29654063887655724, 0.29638659764602693, 0.2939905244507396, 0.2937225667243886, 0.29628600309729275, 0.29481708912728366, 0.29544353367688964, 0.2934184491655328, 0.29572521630993087, 0.29328224656065577, 0.2922792667350007, 0.2966344698839568, 0.2931580063914979, 0.294226263603147, 0.2944372777710708, 0.2980742705816254]
0.2949335796960463
rmse
[43.022924587495474, 42.9714130727757, 42.97435030058165, 43.04385456071216, 43.22600175019303, 43.332434243467794, 43.011136206988034, 42.89378358072193, 43.20137565507314, 42.6954353845234, 43.03037335020496, 42.751763407772835, 43.11483537559325, 43.00730194782258, 42.69817980561534, 43.25900394445823, 42.86017787771683, 42.93753804168148, 43.06284911891632, 43.489272274469045]
43.029200224339164
==================================================================================================================================
density = 0.2
mae
[13.359950332276899, 13.20052635276579, 13.182660401119632, 13.284027299458852, 13.226315829250938, 13.249557050487514, 13.212619386326333, 13.093720171631025, 13.342610837288873, 13.325596868485228, 13.279423893534126, 13.116528680444139, 13.2836690708404, 13.20527670922665, 13.21417626805109, 13.247984608254871, 13.144526143775016, 13.305472981424384, 13.541245162654258, 13.54503688228989]
13.268046246479296
nmae
[0.2812672465187495, 0.2781817239112699, 0.27719703054454503, 0.2790655318164163, 0.2780444322168691, 0.27837823395761185, 0.27771655226171305, 0.27591904603229206, 0.28049437841386676, 0.2804122614871837, 0.2791292903219315, 0.275812754999725, 0.27933245779604354, 0.27754767876852643, 0.27783736925479874, 0.2784107453589128, 0.27609846065729426, 0.2795213679061259, 0.2850560768603577, 0.28463879951301413]
0.2790030719298624
rmse
[40.95381632014655, 41.05777168137308, 40.96961273616712, 41.1038440610886, 40.94099304159796, 41.10784386029806, 40.97302451240864, 40.628223346134824, 41.39977802258038, 40.876259067058655, 41.018167694761445, 40.752435459442786, 41.07366899868541, 41.0656466954636, 40.94739183994683, 41.03576006155701, 40.87361628571232, 40.95456776366632, 41.453628821831664, 41.67626391115604]
41.04311570905386
++++++++++++++++++++++++topK:  25
==================================================================================================================================
density = 0.05
mae
[19.821076893301893, 19.742411495866893, 20.002832456213955, 19.81469364517378, 20.017465016403662, 19.766758781162498, 19.7129092055522, 19.710633827525182, 19.807830744708934, 19.67474625382705, 19.868850402511566, 19.702071953239205, 19.811582472971306, 19.77961588480868, 19.826678188185305, 19.859877792752883, 19.746647196747123, 19.878868610230906, 19.686377931483744, 19.843665236185938]
19.803779699442636
nmae
[0.41709050636555345, 0.415206341221987, 0.42074073496175074, 0.4167366698223279, 0.4208184316277097, 0.4152803102084609, 0.4143511277556172, 0.4144315200605628, 0.41644858553299485, 0.4137608738766973, 0.4178703587831742, 0.41411010698387485, 0.416462371174524, 0.4156265153387159, 0.4168734998002371, 0.4174053162796616, 0.4151245465489516, 0.4178970780226603, 0.4139296447491988, 0.41712376220439235]
0.4163644150659526
rmse
[54.37352298721223, 54.671361370731326, 55.077285115913405, 54.86345623486503, 55.21214238523071, 54.901906884524266, 55.053718103100316, 54.87545422909311, 54.684644550231845, 54.51464011081991, 54.663711003486576, 54.72763002993629, 55.16027169758947, 54.913992681662286, 54.6057555919074, 55.25445022114411, 54.80752993095185, 54.76113572150653, 54.91731713640851, 55.130066108050016]
54.85849960471826
==================================================================================================================================
density = 0.1
mae
[15.913466212104993, 15.841541424187808, 15.869118071447327, 15.918338180325236, 16.036219052684242, 15.940589775235651, 15.769810991082272, 15.83869490810738, 15.854555660317981, 15.817218073825018, 15.870621971099636, 15.902927108064162, 15.892705647939927, 15.860386871682671, 15.957181486325455, 15.856880787874994, 15.9397106609724, 15.915244662544167, 15.86833228543007, 15.981510056718664]
15.892252694398504
nmae
[0.3347591647835031, 0.33335463362998163, 0.33376223744195394, 0.33475163384188333, 0.33701393039126715, 0.3348072637305101, 0.331604564853976, 0.3332581531604366, 0.3333214498478516, 0.33283235267999806, 0.3336505172200947, 0.334371281538735, 0.3341481395633292, 0.3333101137085741, 0.3356744399070241, 0.33313627339592816, 0.33481293185111155, 0.33461451894695377, 0.3336697367129279, 0.33600985631949]
0.3341431596762765
rmse
[46.99315563024074, 46.99314494367755, 47.19718441866378, 47.040163235385776, 47.52534280781976, 47.78379949707232, 47.02260492103633, 46.858615419621245, 47.201230913711626, 46.73726498238073, 47.15988549025272, 46.99514257538913, 47.13217888912488, 47.003135089215256, 47.053269390334165, 47.156494811343556, 47.127311527700314, 47.17954158176975, 47.24585390046423, 47.56029828789009]
47.148280915654695
==================================================================================================================================
density = 0.15000000000000002
mae
[14.171102137990289, 14.036560906804798, 14.099681142898273, 14.134626603949714, 14.236828774479278, 14.201832404651697, 14.062142815366048, 14.044014860287286, 14.180805348769763, 14.095169818158581, 14.14909048333903, 14.047198621003142, 14.14737269125941, 14.048610659759955, 13.995119324273958, 14.18492621618015, 14.068955556449126, 14.08748566250598, 14.087201301638663, 14.258887117619532]
14.116880622369232
nmae
[0.2982811328268106, 0.2954802872054667, 0.2966321074433854, 0.2970599187333808, 0.29930435561735025, 0.29835018022762116, 0.2958159343777911, 0.29567486222027267, 0.2981471578462174, 0.2967389162901325, 0.2974333276877626, 0.29537794838888987, 0.29751759328051536, 0.2952400256672405, 0.29441656530133314, 0.2981978836578043, 0.29542472322244673, 0.2961704209354117, 0.2964374313416291, 0.29962250610255026]
0.29686616391870063
rmse
[43.14287471992483, 43.16548250081087, 43.176947526529105, 43.21405269859127, 43.47318601928529, 43.537591274021906, 43.187066057338626, 43.09066700473756, 43.3952281910649, 42.885649267471365, 43.2323882925552, 42.94194105844924, 43.302033923237815, 43.20103113024248, 42.88852486080522, 43.423478082937905, 43.090038185548856, 43.13300499675009, 43.258836563974555, 43.63599007899324]
43.21880062166351
==================================================================================================================================
density = 0.2
mae
[13.452177271414508, 13.250861124093786, 13.261337913603588, 13.339261256869603, 13.30562321900963, 13.297442689016208, 13.25160268453902, 13.149173277743616, 13.390755784843794, 13.389981477740545, 13.336592315216965, 13.17397236104445, 13.329797392133782, 13.252588526578307, 13.23461140611321, 13.301604550671476, 13.200816524791259, 13.357521383251425, 13.597754416630309, 13.599564315599391]
13.323651994545244
nmae
[0.28320890173309693, 0.2792424553614039, 0.2788514138152642, 0.28022586469978705, 0.279711637086368, 0.2793843294395027, 0.27853594369795026, 0.27708758850437454, 0.28150650319985276, 0.28176711516198977, 0.2803309524648898, 0.27702067366400684, 0.280302456167139, 0.2785420755822712, 0.27826703243503537, 0.27953758605021367, 0.2772808302138992, 0.2806148006985065, 0.286245650348706, 0.28578465266148617]
0.2801724231492872
rmse
[41.11768234415277, 41.176548394333466, 41.1427902386477, 41.236871425182485, 41.1252513229048, 41.252952846099895, 41.08113159466689, 40.76169572882574, 41.52257225568829, 41.04465541404821, 41.16349687035073, 40.89565544738659, 41.173405953188414, 41.186920248867054, 41.04060249230178, 41.15956827656303, 41.014243120834706, 41.09437297022878, 41.61397483407828, 41.839978337700806]
41.18221850580252
++++++++++++++++++++++++topK:  30
==================================================================================================================================
density = 0.05
mae
[19.86527385894379, 19.78127007687467, 20.04828189891382, 19.859936419348923, 20.06169502142605, 19.811086773588258, 19.753259596676035, 19.75693151793918, 19.85542737396394, 19.71769856050184, 19.911579133386407, 19.74500752975198, 19.8564885392072, 19.823361673352466, 19.87092092436719, 19.901309667889738, 19.78715730474831, 19.920363497463477, 19.728937352773432, 19.887972149850338]
19.847197943548352
nmae
[0.41802053326967337, 0.41602358329237416, 0.42169672116855433, 0.4176882022245392, 0.4217482597217843, 0.41621159806649005, 0.4151992638624295, 0.4154049652770617, 0.4174492780967013, 0.4146641629822086, 0.41876900514364823, 0.4150125529918541, 0.4174063486104625, 0.4165457399464679, 0.4178037425821002, 0.4182761114137519, 0.41597617163988915, 0.4187693908522972, 0.4148245074911661, 0.41805511567661574]
0.41727726271550347
rmse
[54.41539385860656, 54.70934679096228, 55.11598149268068, 54.90650085546974, 55.25375096159631, 54.940044732786596, 55.09511363443726, 54.9172091569436, 54.73179791319436, 54.55803535242116, 54.70528334177093, 54.76672235513073, 55.201609850672746, 54.95402605737357, 54.64439948072571, 55.29305661924741, 54.84890711695629, 54.79977117106725, 54.9560488895306, 55.16927112709165]
54.899113537933275
==================================================================================================================================
density = 0.1
mae
[16.008571841155316, 15.925541085486916, 15.951369216714637, 15.987022410177488, 16.113108619685935, 16.024176275819585, 15.846058351605414, 15.922140472942424, 15.934765383691387, 15.910953171032874, 15.939538578023917, 15.980805286914949, 15.976374898878932, 15.942442276120454, 16.046687626964495, 15.94110376093262, 16.01798738069556, 15.991803764932566, 15.949945529197674, 16.06104676313612]
15.973572134705464
nmae
[0.3367598276512118, 0.335122244215821, 0.33549215879945987, 0.33619601565496926, 0.3386298259521965, 0.33656286800487595, 0.33320787974607197, 0.33501391113088164, 0.3350077551508526, 0.33480476481889415, 0.3350993616061063, 0.3360087301850937, 0.3359073066403052, 0.33503452915977544, 0.3375572864268181, 0.3349057088702869, 0.33645713095758384, 0.3362241572377804, 0.3353858508621903, 0.3376821086411171]
0.3358529710856146
rmse
[47.190434188739914, 47.166912992939416, 47.38114841613098, 47.20314152552917, 47.68554207896858, 47.97157295823826, 47.218922571317144, 47.03830559694735, 47.38223803356699, 46.952145856046634, 47.351123095779776, 47.17564273934735, 47.319154041523376, 47.16148388347802, 47.238104684635154, 47.35071318602871, 47.30594207655974, 47.36300212721742, 47.42179216776182, 47.72519184907933]
47.33012570349176
==================================================================================================================================
density = 0.15000000000000002
mae
[14.231652949354972, 14.11365271156815, 14.172021794323282, 14.201023700368783, 14.335310228073796, 14.281311400704446, 14.150488624140754, 14.121892324356336, 14.256854226918712, 14.166782414983622, 14.218985104125826, 14.126173361971665, 14.219415558079673, 14.129480442686143, 14.082781442129694, 14.259140906777114, 14.153687063361245, 14.164712611492098, 14.168829229840183, 14.320972521074236]
14.193758430816535
nmae
[0.2995556395258359, 0.29710312835323105, 0.2981540255398692, 0.29845535114337945, 0.3013747554567587, 0.3000198642600057, 0.29767440632720793, 0.2973144509481224, 0.299746062585395, 0.2982465422817831, 0.29890260867600493, 0.29703859244975955, 0.29903264634493604, 0.2969395529276279, 0.2962607210422107, 0.2997580372557194, 0.2972039442795677, 0.29779401357193525, 0.29815513046750036, 0.3009271089107525]
0.2984828291173801
rmse
[43.26495402794226, 43.31961963727115, 43.319973861402325, 43.34158574118725, 43.658324611672796, 43.72527110364768, 43.36609801777293, 43.25040753714362, 43.57006963985109, 43.03920529346339, 43.39403147226133, 43.1080752304259, 43.46189257276286, 43.36145650065765, 43.05537637857489, 43.60900768830313, 43.279731632156235, 43.302141123253946, 43.424132490609935, 43.741935826288255]
43.37966451933243
==================================================================================================================================
density = 0.2
mae
[13.603283933376357, 13.30222760796025, 13.324025510623743, 13.382692278831755, 13.375384176616254, 13.365996997682192, 13.293217278145008, 13.190924758428022, 13.42038242830934, 13.455876962944405, 13.388559532250246, 13.231382234173832, 13.368767123730393, 13.308322592731063, 13.294265619268849, 13.35965067714968, 13.249453678091601, 13.402867462849734, 13.646693730480832, 13.652370227950074]
13.380817240579683
nmae
[0.28639015268714935, 0.28032492863946673, 0.2801695707894425, 0.2811382462364986, 0.28117815626669346, 0.28082468154364487, 0.2794106424327059, 0.2779674017713356, 0.28212932785124206, 0.2831537623951437, 0.2814232869311138, 0.2782278814289399, 0.2811219218470262, 0.27971349069379403, 0.27952130431032435, 0.28075744445251927, 0.27830244506787677, 0.2815674311097812, 0.28727586940484884, 0.28689432933710607]
0.2813746137598327
rmse
[41.326531180604185, 41.28544248553268, 41.272069391661304, 41.33748962765341, 41.27240796032675, 41.394007531636944, 41.179107678051594, 40.864557364225575, 41.60239693512415, 41.191045234044985, 41.28329855834902, 41.02152640623215, 41.2512078195895, 41.31411613190898, 41.15420853568983, 41.276686494352234, 41.127650297261816, 41.20770825167655, 41.73347275462257, 41.965690662262574]
41.30303106504034
++++++++++++++++++++++++topK:  35
==================================================================================================================================
density = 0.05
mae
[19.895627480189493, 19.810928887261653, 20.080026096544387, 19.89240409546431, 20.092977937439436, 19.842387418451885, 19.782185069517855, 19.787760434040425, 19.88845402180291, 19.749751387405087, 19.94199593893201, 19.775766669766575, 19.88799505722154, 19.854302432921823, 19.902452868251242, 19.93231806369018, 19.81576156256528, 19.950779240944286, 19.760088560476664, 19.919120777131965]
19.87815420000095
nmae
[0.4186592577609585, 0.41664734326963704, 0.4223644304577808, 0.41837105261140306, 0.4224059068135967, 0.41686919406655254, 0.41580725643054306, 0.41605316739341464, 0.41814364493346906, 0.4153382354962125, 0.4194087140945381, 0.41565906726671853, 0.41806865204925175, 0.4171958941333154, 0.41846672967846016, 0.41892783089518454, 0.4165775055998941, 0.4194087959701506, 0.41547949889603425, 0.41870987539184823]
0.41792810266044816
rmse
[54.44085269832729, 54.73379610835678, 55.140450006238176, 54.93399215861062, 55.279079123943085, 54.962904318586496, 55.12000031867353, 54.94227901664176, 54.75903553339275, 54.5854585308586, 54.73078083640437, 54.78919000336204, 55.22667980191666, 54.9772638676617, 54.667763799692885, 55.31668940116903, 54.872155051846, 54.82395880185767, 54.98001129079468, 55.194343372251645]
54.9238342020293
==================================================================================================================================
density = 0.1
mae
[16.06525818062047, 15.9723270028988, 16.00330230427581, 16.03134561424643, 16.15520958480441, 16.07543283329482, 15.896172374783786, 15.97346265874499, 15.984898886084498, 15.958655878355831, 15.983528522969786, 16.027484829430687, 16.028153487024206, 15.99211483968722, 16.092704544650392, 15.987959426086357, 16.056513571763226, 16.035277465687393, 15.996767892483687, 16.105674995535043]
16.021112244671393
nmae
[0.33795229391852666, 0.3361067634579995, 0.33658442513862546, 0.3371281019576415, 0.3395146113047306, 0.3376394321721058, 0.33426166782625527, 0.336093768843651, 0.3360617469536911, 0.3358085446386704, 0.3360241689583575, 0.33699020349164704, 0.3369959644988997, 0.33607841087240853, 0.3385252959141889, 0.33589009677643417, 0.3372663719318259, 0.3371381822354077, 0.3363704033248499, 0.3386204133384164]
0.33685254337771664
rmse
[47.31647121270785, 47.27864001829329, 47.51485084199788, 47.31827330043569, 47.79385681542395, 48.09457309454541, 47.353291391971034, 47.16482656736551, 47.50512350881262, 47.08125870793977, 47.472482971307166, 47.294057876254804, 47.440570293789904, 47.27475979985657, 47.35780013201476, 47.47686499182925, 47.4116165089264, 47.482832418634324, 47.53863096291503, 47.83789020888769]
47.45043358119544
==================================================================================================================================
density = 0.15000000000000002
mae
[14.281147262402222, 14.176931888930739, 14.231972395683727, 14.262424314283564, 14.410229609150477, 14.340014469707596, 14.220986104189768, 14.182504013257862, 14.311753236767547, 14.229710934110036, 14.286994708090647, 14.189813885731759, 14.278143769015589, 14.201730124677834, 14.160925648336525, 14.324336368918015, 14.238305305562145, 14.225332853775184, 14.236259779834814, 14.393549945838762]
14.259153330913241
nmae
[0.30059742298208814, 0.29843520318447825, 0.29941527911318166, 0.29974577514188877, 0.3029498040459925, 0.3012530904182913, 0.29915741487048564, 0.2985905356677116, 0.3009002977189039, 0.2995713465097718, 0.3003322640199865, 0.2983767957349715, 0.30026769375314627, 0.2984579235681338, 0.2979046476323691, 0.30112858712945323, 0.2989807869656839, 0.2990684725566193, 0.2995740737058593, 0.3024521809388175]
0.29985797978289164
rmse
[43.36428142181811, 43.44878812406598, 43.45148415245775, 43.461653392211126, 43.799513324894995, 43.869595534109955, 43.516173287037326, 43.38221066163864, 43.69668358544269, 43.17956977036999, 43.55002192100053, 43.24814274287355, 43.58959602630388, 43.50765693944997, 43.205738061712864, 43.749580585081155, 43.473156259016264, 43.44106304544078, 43.564303282755866, 43.90157563211437]
43.52003938748979
==================================================================================================================================
density = 0.2
mae
[13.525871113335043, 13.349331945244835, 13.396188583963232, 13.416976360699838, 13.420079566207951, 13.499442873110658, 13.334821821892652, 13.231957077647957, 13.449132786818751, 13.50795458935593, 13.432558740967677, 13.285259907681612, 13.404526842552103, 13.356309718980421, 13.34375358553363, 13.403067580828392, 13.291797526663869, 13.441547571693349, 13.691713043559764, 13.689986890379885]
13.423613906355877
nmae
[0.28476037935740367, 0.2813175834321128, 0.28168697236363277, 0.2818584725145448, 0.28211774552058466, 0.28362843015117567, 0.2802851299291046, 0.2788320604189357, 0.2827337308453499, 0.284249638635365, 0.28234813638260264, 0.27936081453381784, 0.28187388654106477, 0.280722081107653, 0.28056182367966415, 0.28166986493546836, 0.2791918701624927, 0.2823800228116936, 0.2882235687201689, 0.28768481530837037]
0.2822743513675603
rmse
[41.29286727572527, 41.375910260475884, 41.41646843396016, 41.40599329252624, 41.36545196539449, 41.55702251829532, 41.27107598983046, 40.946909455476735, 41.65791199600217, 41.29930498026149, 41.376326619445, 41.1310729827052, 41.3255084546487, 41.415692742473546, 41.25384315295345, 41.37397348411238, 41.22216583745013, 41.30152361443655, 41.843479696724245, 42.05588411752176]
41.39441934352096
++++++++++++++++++++++++topK:  40
==================================================================================================================================
density = 0.05
mae
[19.91597707176138, 19.83044462117719, 20.10158121936672, 19.91486987740098, 20.114274658499674, 19.863361462132136, 19.802246946026283, 19.808275922471086, 19.91116647583264, 19.770886136708278, 19.962105354269205, 19.796135996818283, 19.910200581150626, 19.874919590716, 19.923269150632105, 19.953795401398075, 19.83612271157965, 19.971806542225632, 19.780511685229268, 19.94040633809739]
19.89911788717463
nmae
[0.41908746968399074, 0.41705778231235624, 0.4228178221580969, 0.4188435461718333, 0.42285361848678, 0.4173098382542158, 0.4162289425992096, 0.41648452161213234, 0.41862116160233453, 0.41578270030546777, 0.41983164387817634, 0.41608720214636935, 0.41853543783788305, 0.4176291198086818, 0.41890441048442145, 0.41937923120249565, 0.4170055485313138, 0.41985083560210706, 0.41590891952399006, 0.4191573085230189]
0.41836885303624366
rmse
[54.45601703794891, 54.74869407298529, 55.154982508969844, 54.95173337005297, 55.29452635834352, 54.97574373963018, 55.13496834376629, 54.95658251931775, 54.77519388388408, 54.60226615507055, 54.74509825840115, 54.80273145536031, 55.241826912461434, 54.99109867770633, 54.681609137038286, 55.33076452906039, 54.88717251435483, 54.83869877016608, 54.99422571334363, 55.20996796100457]
54.93869509594332
==================================================================================================================================
density = 0.1
mae
[16.10614966139485, 16.00260136314856, 16.035510809114275, 16.061356466716845, 16.184993683774707, 16.11041990586544, 15.931494240899, 16.008759898137892, 16.01514901047551, 15.99068154555985, 16.018375085714226, 16.060223504178627, 16.05948697547217, 16.022662121873417, 16.12277682240325, 16.020811767256433, 16.08625130166581, 16.06209449534058, 16.027060180742463, 16.139200494894954]
16.053302966731444
nmae
[0.33881249607488517, 0.3367438288798045, 0.3372618403920218, 0.337759209412682, 0.3401405478939082, 0.3383742811456054, 0.33500440926111386, 0.3368364495304113, 0.3366977165472968, 0.3364824417874553, 0.3367567535857399, 0.33767855932431623, 0.33765475898631114, 0.33672036987261095, 0.33915789478511543, 0.3365802896747815, 0.33789101166005253, 0.3377020043862607, 0.3370073713228681, 0.3393252840410586]
0.33752937592821497
rmse
[47.41813304780209, 47.358460565501936, 47.60144792337242, 47.39783773512464, 47.87324626881438, 48.17806373121227, 47.445263079164484, 47.258983492521374, 47.58830397405986, 47.17494508569718, 47.557643010806046, 47.38320112836349, 47.528242400552344, 47.34991591243412, 47.435048308480816, 47.56823397501847, 47.4958047587211, 47.561377310965725, 47.616216447518525, 47.9170066174306]
47.535368738678095
==================================================================================================================================
density = 0.15000000000000002
mae
[14.3235848117037, 14.22626919435975, 14.284836801687684, 14.313660953887604, 14.468040664824894, 14.385971463596704, 14.275428292662038, 14.232106389093618, 14.359490925574624, 14.281841066935153, 14.385885931436107, 14.239583347911674, 14.326412838691176, 14.259035323991446, 14.220124644970854, 14.374677042559465, 14.334042777481294, 14.27055021398151, 14.288964046610419, 14.465695703229835]
14.315810121759478
nmae
[0.3014906718033004, 0.2994737910034532, 0.3005274517930295, 0.3008225883060012, 0.30416518009920507, 0.3022185487492208, 0.300302678936137, 0.2996348364454406, 0.30190396823619314, 0.300668817439186, 0.30241109344533995, 0.2994233247994315, 0.3012827866437607, 0.2996622268922111, 0.29915002217005776, 0.3021868571629389, 0.3009911150266583, 0.3000191066815958, 0.3006831312914769, 0.3039681823248912]
0.30104931896247644
rmse
[43.45194052997527, 43.55199839033462, 43.58093064737935, 43.57127828859399, 43.91921821204207, 43.98489252153135, 43.63915188960231, 43.48639042292477, 43.79886375617023, 43.30025108474022, 43.852481505267484, 43.36219940441619, 43.70123744236708, 43.62610422126485, 43.326517706622276, 43.85823409829008, 43.689452836381165, 43.55405355666267, 43.681129952065405, 44.08017703139936]
43.650825174901534
==================================================================================================================================
density = 0.2
mae
[13.525853537289212, 13.389488892042241, 13.516728961973525, 13.448380407718503, 13.452311061255639, 13.37870148879717, 13.371741595861488, 13.271075467018827, 13.498339653931728, 13.548384728298776, 13.47082807364801, 13.332331876397422, 13.429589136583429, 13.398798205930351, 13.398178488189695, 13.444475027802525, 13.328937713941784, 13.476489787155467, 13.732233912831875, 13.720161542340623]
13.456651477950412
nmae
[0.28476000932863166, 0.28216383216406393, 0.2842216227170874, 0.28251819617250573, 0.2827953180098349, 0.2810916077349463, 0.28106114807033084, 0.27965638754186567, 0.2837681797828828, 0.2851004152876302, 0.28315254565199544, 0.28035063811375066, 0.2824009029965669, 0.2816151014651212, 0.28170614561613394, 0.28254005602614146, 0.27997199326649763, 0.2831140888518319, 0.28907657151916816, 0.2883189130066245]
0.28296918366618057
rmse
[41.29588316038705, 41.4565839042768, 41.78176690285221, 41.4685538830035, 41.43883136234713, 41.426539809390306, 41.35371415844767, 41.028070230188504, 41.75584522176236, 41.385289055541, 41.45945806752269, 41.22472872465562, 41.384532388956146, 41.50598955689943, 41.355519904844996, 41.46321256779539, 41.305425558663934, 41.38854835343686, 41.94464971375737, 42.13147313992872]
41.477730783232886
++++++++++++++++++++++++topK:  45
==================================================================================================================================
density = 0.05
mae
[19.929658637117054, 19.84362518129382, 20.115981595712874, 19.929340434478995, 20.127985234815956, 19.877234155268674, 19.81487590596737, 19.82207004458711, 19.92523874793047, 19.784105322386626, 19.97521125771838, 19.809032821520685, 19.924535002370042, 19.88862853528344, 19.937434450750946, 19.968187508939053, 19.848980872247303, 19.985276947558276, 19.79324756329901, 19.954079136466643]
19.91273646778563
nmae
[0.41937536781650847, 0.4173349851324083, 0.42312072050716165, 0.41914788657068847, 0.42314184994952525, 0.41760128999766793, 0.41649439422481216, 0.416774553837705, 0.4189170232686577, 0.4160607004254006, 0.42010727978390505, 0.4163582754360183, 0.4188367639464156, 0.41791718409126033, 0.41920224848734927, 0.4196817175653405, 0.41727585964101405, 0.420134012836117, 0.41617670659499545, 0.41944471757914653]
0.41865517688460485
rmse
[54.465517701183714, 54.75800840425734, 55.16437324687322, 54.96267667456792, 55.303414368216586, 54.98321606108724, 55.14378920278205, 54.96555155462876, 54.78421331760862, 54.61219854344393, 54.75385038615565, 54.81013330020065, 55.25050979808195, 54.99918612522088, 54.690127186915305, 55.33918013966673, 54.89638137251191, 54.846976042385826, 55.00241028813429, 55.2190426359356]
54.947537817492915
==================================================================================================================================
density = 0.1
mae
[16.142706267246965, 16.028012058866242, 16.064690767165093, 16.09137181965455, 16.211901952732745, 16.141688738476898, 15.96079677040963, 16.041419950370216, 16.048564934350306, 16.01880437567391, 16.05002692882526, 16.08911844515259, 16.089164899372225, 16.05005678525571, 16.15077944741298, 16.048729075041564, 16.11017540320112, 16.089598711522417, 16.055531734518343, 16.168266444381025]
16.08257027548149
nmae
[0.33958150885181654, 0.3372785478780654, 0.33787555868711894, 0.33839041150943455, 0.3407060466222419, 0.3390310342792287, 0.3356205772388397, 0.3375236417992324, 0.33740024296510296, 0.3370742138466881, 0.33742217513280953, 0.3382860976962019, 0.33827874481207215, 0.3372960757769393, 0.339746956548568, 0.3371668027477622, 0.33839353637629804, 0.3382802744827524, 0.3376060540124743, 0.33993639309620693]
0.3381447447179927
rmse
[47.503193480419014, 47.42326249539407, 47.677053820708295, 47.46733384872438, 47.936232833439476, 48.24678436965453, 47.51948948531947, 47.336275547477136, 47.66216067100494, 47.24996430247295, 47.631694626528656, 47.454470066080034, 47.60323381388028, 47.41293208969827, 47.5054996140616, 47.64173002265854, 47.56218265318713, 47.63291301982056, 47.682433729176886, 47.98338512070846]
47.60661128052073
==================================================================================================================================
density = 0.15000000000000002
mae
[14.35599495953099, 14.261648053414921, 14.336699596755556, 14.351697982752778, 14.503598479980482, 14.424100247816833, 14.314193339138752, 14.270146456282442, 14.39573481353539, 14.314554399856867, 14.426436847404046, 14.272997838123928, 14.365774456572746, 14.298753859044595, 14.266547462556275, 14.417986687741797, 14.47480634350918, 14.30535966346401, 14.330001705243633, 14.500121541431149]
14.359357736707821
nmae
[0.3021728583767139, 0.30021854290557737, 0.30161855236778506, 0.3016219922817943, 0.3049127207995176, 0.3030195531069549, 0.3011181534050904, 0.3004357108205248, 0.30266598505533915, 0.3013575157014036, 0.3032635294299238, 0.3001259491326988, 0.30211055686479876, 0.3004969358604186, 0.3001266230970255, 0.303097319744028, 0.3039469163558146, 0.3007509284951364, 0.30154668806567375, 0.3046915736969859]
0.3019649302781603
rmse
[43.525589206633605, 43.63512406358999, 43.69552397942313, 43.6593999555663, 43.999143857970964, 44.083641312664604, 43.73334815611599, 43.569645094148854, 43.882067659155055, 43.384208736920215, 43.96678658282103, 43.44765827827937, 43.793399557061285, 43.71367668209054, 43.42572960725604, 43.95902180047611, 43.95200210230713, 43.644602291646, 43.77768242347115, 44.182610848331]
43.751543109796415
==================================================================================================================================
density = 0.2
mae
[13.553929351090275, 13.42365679522004, 13.409654439965552, 13.473924137728346, 13.491654830111354, 13.409442062669807, 13.403113456801618, 13.302019299201007, 13.538339244949656, 13.575643008223214, 13.511266001490666, 13.37153451790323, 13.452535329447231, 13.43457084560675, 13.46162244921021, 13.48444930663945, 13.360623955031038, 13.510857843699982, 13.767713297386448, 13.749912272608656]
13.484323122249226
nmae
[0.2853510898824657, 0.2828838705893834, 0.2819701242604431, 0.2830548086349073, 0.2836224051604809, 0.281737478886178, 0.28172055441539995, 0.2803084552922357, 0.2846090692127106, 0.2856740148039069, 0.2840025381058327, 0.2811749864470947, 0.28288342152480833, 0.2823669685652381, 0.28304009961125826, 0.2833801286179558, 0.2806375571896903, 0.2838360929617955, 0.28982344627470685, 0.2889441023081908]
0.2835510606372341
rmse
[41.36052491128536, 41.52478599173333, 41.4911595639948, 41.514940414387404, 41.52310526539163, 41.50373541904062, 41.42572748022838, 41.100174259713576, 41.835328858992845, 41.45342023090373, 41.540475251716074, 41.30598772474956, 41.43010762233478, 41.58400944029793, 41.465172474297624, 41.54170672346735, 41.378657280227685, 41.46828838812669, 42.042669481909705, 42.20500260982687]
41.534748969631295
++++++++++++++++++++++++topK:  50
==================================================================================================================================
density = 0.05
mae
[19.93687065729383, 19.850978459506326, 20.124491347993327, 19.938193173161796, 20.13675312565489, 19.88563851782717, 19.822468125215938, 19.831001471680658, 19.93389235179163, 19.791439031891084, 19.98321740544091, 19.81615947684741, 19.932904221252624, 19.896681609771093, 19.94578933546012, 19.97693978402759, 19.856235962076145, 19.993017893002296, 19.800958308276606, 19.961496341060904]
19.92075632996162
nmae
[0.4195271287507727, 0.41748963329903377, 0.4232997151288812, 0.4193340747047844, 0.4233261734924164, 0.41777785745260765, 0.41665397719529157, 0.4169623440903716, 0.41909896045977113, 0.416214928694176, 0.42027566052831195, 0.416508067803379, 0.4190126946044271, 0.4180864023059394, 0.41937791735109353, 0.4198656686545476, 0.41742838000790783, 0.4202967443549784, 0.41633883423170126, 0.4196006309272389]
0.41882378970188155
rmse
[54.470578238449214, 54.76343114782299, 55.16990173183058, 54.96925510705277, 55.308878986267075, 54.987331951201874, 55.14853353234366, 54.97183217771503, 54.789191821354834, 54.61786707110645, 54.75887919088327, 54.81369230823768, 55.25580557716732, 55.003608867287966, 54.694686549192, 55.34378419689722, 54.901686146235264, 54.85147682384475, 55.00723926253264, 55.22384352428369]
54.952575210585316
==================================================================================================================================
density = 0.1
mae
[16.1787047869888, 16.052369800003742, 16.093542670251175, 16.118685332822086, 16.236950466011336, 16.169870400778418, 15.988094885640935, 16.071695538028607, 16.083370179765698, 16.046467733506162, 16.080491394671846, 16.116278219460195, 16.1177503058192, 16.077842138910153, 16.17782928821074, 16.076272529451078, 16.135237133108923, 16.11725001374916, 16.080867592442974, 16.197884698196695]
16.110872755390897
nmae
[0.34033878160695347, 0.33779110948148033, 0.33848237726929303, 0.3389647957859349, 0.34123246110203553, 0.3396229462081843, 0.3361945967770402, 0.33816066312500576, 0.3381319780646369, 0.3376563175028029, 0.33806263426573174, 0.33885715285352147, 0.3388797601831809, 0.33787999213792863, 0.34031597559288634, 0.3377454615572206, 0.33891995692722043, 0.33886163703099104, 0.3381388011777747, 0.34055911430175745]
0.338739825647579
rmse
[47.58180401808809, 47.479937357251394, 47.746148483350346, 47.52812906489521, 47.99155139507189, 48.30658171335777, 47.587981933446265, 47.40559025876672, 47.734133653509566, 47.31828915028273, 47.69711560432819, 47.51663442634232, 47.671197988044625, 47.4742367638311, 47.56807955239793, 47.70809448437271, 47.62575620112371, 47.69900858264575, 47.73734786773178, 48.04663218806877]
47.671212534345344
==================================================================================================================================
density = 0.15000000000000002
mae
[14.37976754252195, 14.286737471120933, 14.337330458957714, 14.376913149811404, 14.528352870090808, 14.452083940080035, 14.346598034836358, 14.296972228904446, 14.421864941465131, 14.336441136992862, 14.456525310581448, 14.294596256437767, 14.3944164277132, 14.3215216765322, 14.29873831786109, 14.448130666561493, 14.447359598910902, 14.329580127747636, 14.358410210517983, 14.514140225502077]
14.381324029657375
nmae
[0.3026732367464212, 0.3007466942382871, 0.3016318245817193, 0.30215192601737606, 0.3054331384359194, 0.3036074307407894, 0.3017998294100831, 0.3010004856874606, 0.3032153631184889, 0.3018182867841681, 0.30389603027783363, 0.3005801106108777, 0.30271289416844405, 0.30097541527608646, 0.3008038249724334, 0.3037310114920193, 0.30337058025938085, 0.3012601311501726, 0.30214448915841485, 0.3049861488078584]
0.3024269425967117
rmse
[43.588307564492524, 43.69943103643899, 43.66217397077295, 43.726769383342045, 44.0597563826184, 44.160104513306216, 43.818043985923296, 43.6366414934569, 43.950090015723255, 43.44876832860726, 44.050822030447634, 43.512752660812325, 43.86590615379525, 43.77316478835232, 43.5013979275161, 44.03078254072408, 43.91099915760265, 43.71634894584003, 43.85031855530408, 44.27077596963901]
43.811667770235765
==================================================================================================================================
density = 0.2
mae
[13.55236676989557, 13.453533486315408, 13.436150194086956, 13.500064620312909, 13.520538420249132, 13.440153224443582, 13.42998180407352, 13.330473270123989, 13.562718082643729, 13.59621011931454, 13.54181706317485, 13.40526315952723, 13.479967399898293, 13.467755674207545, 13.52345546847325, 13.515283129508074, 13.387705651605412, 13.539666080788935, 13.795008360814391, 13.785366694394366]
13.513173933692585
nmae
[0.28531819283575777, 0.2835134780165094, 0.28252726099468434, 0.2836039574366939, 0.28422959778493656, 0.2823827320780238, 0.2822853012344179, 0.2809080551317, 0.28512157212603406, 0.2861068111874608, 0.2846447117599654, 0.28188422818287373, 0.2834602702569368, 0.2830644452142542, 0.2843401824205561, 0.2840281115271275, 0.28120640346489156, 0.28444129638818333, 0.29039803329421393, 0.2896891504126893]
0.28415768958739557
rmse
[41.421942466260155, 41.59091392549313, 41.554015887417556, 41.56742090501623, 41.58861252191745, 41.57482249158409, 41.4899497174852, 41.16193431708662, 41.8789355605073, 41.50991733173419, 41.60983342159967, 41.376232594068924, 41.49023705173995, 41.65803954621829, 41.572078524229674, 41.606200279162415, 41.443981985200296, 41.53724678316133, 42.12321057220716, 42.28796957656027]
41.60217477293249
