Parameter setting:
----------------------------------------------------------------------------------------------------------------------------------
currentDate:2019-06-06 12:28:44
dataPath:..\DataSet\tpData.txt
program path:C:\Users\hp\PycharmProjects\test\ourNMF0407
outPath:C:\Users\hp\Desktop\ZhaoZhuangData\实验数据201906\tp\2019-06-06ourNMF参数theta分析_tp.txt
parallelMode:True
threadNum:7
metrics:['MAE', 'NMAE', 'RMSE']
density:[0.05 0.1  0.15 0.2 ]
rounds:20
topK:5
u:0.1
dimension:10
lambda:800
weight:[0.05 0.1  0.15 0.2  0.25 0.3  0.35 0.4  0.45 0.5 ]
maxIter:300
numUser:339
numService:5825
method:mainOurNMF.py
saveData:True
----------------------------------------------------------------------------------------------------------------------------------
数据集： (339, 5825)
算法创新点：
1.改进PCC，在PCC前面加上一个min(sigma_u1,sigma_u2)/max(sigma_u1,sigma_u2)
2.利用局部平均值
3.利用以上两点改进的UIPCC对稀疏矩阵进行填充，在利用NMF进行矩阵分解时，原来的真实调用的数据权重为1，填充的数据权重为一个小于1的参数weight
++++++++++++++++++++++++w:  0.05
==================================================================================================================================
density = 0.05
mae
[18.571620334306164, 18.546104186710007, 18.780301398080567, 18.573215871355643, 18.836268522593127, 18.553015277752156, 18.425785529556748, 18.541124424043282, 18.644724932080415, 18.448376145699072, 18.63475441486295, 18.556219033698603, 18.643202467147372, 18.5597646939233, 18.7023815910847, 18.688585710453403, 18.491370156283615, 18.78556550064957, 18.489708456240947, 18.58724036061985]
18.602966450357076
nmae
[0.3907984702830237, 0.3900465789043928, 0.3950259459668143, 0.3906262831373729, 0.3959866532001132, 0.3897807437802967, 0.38729671680345495, 0.38984166850879354, 0.39199493501784505, 0.3879702506539663, 0.3919155540166933, 0.39002587481657075, 0.39190167248615904, 0.3899939397289506, 0.39323416633256025, 0.3927876651959029, 0.38873544327365916, 0.39491346744373707, 0.3887682375826075, 0.3907130832907199]
0.39111786752118166
rmse
[52.41883927870058, 52.77694009742655, 53.26565782544564, 52.804057426418126, 53.35955269738148, 53.021488064332075, 52.90280659677044, 53.08254449610191, 52.84494395523012, 52.51764730890299, 52.60775758940174, 52.83639225385631, 53.34087218150586, 52.97988614981764, 52.89688520235703, 53.28545017915182, 52.79808634560503, 52.928419017824936, 52.89176722495361, 53.18629499810395]
52.93731444446439
==================================================================================================================================
density = 0.1
mae
[15.098893980103245, 14.988277698845167, 14.989029173776487, 15.098492395410283, 15.198449800811282, 15.167890655918074, 15.14233346380897, 14.94478184162885, 15.067541328630856, 15.001060998032102, 15.075528582861267, 15.019709538446952, 15.082707509502745, 14.996855395841045, 15.019384042385099, 15.028329072328887, 15.110505862315138, 15.105521172016788, 15.020775037828255, 15.15486774345503]
15.065546764697325
nmae
[0.3176236446896273, 0.3153993470240299, 0.315252044354226, 0.31751084445233074, 0.31940754154068596, 0.3185779220641433, 0.3184100876021702, 0.3144495442852111, 0.31677549525225435, 0.3156584426773213, 0.31693514710371934, 0.31580095240224043, 0.31711772466706967, 0.3151627774088783, 0.3159469816456336, 0.3157292792635202, 0.3173955209803353, 0.31759026063312934, 0.3158478132385817, 0.318629773716435]
0.3167610572500772
rmse
[45.60805164222352, 45.446640804628366, 45.581454760090644, 45.45128032433317, 45.90867352285596, 46.179431861730066, 45.68332986034894, 45.13008398337057, 45.70171880478847, 45.12077607579613, 45.60951258510154, 45.258151775737865, 45.46397819192934, 45.27282351543513, 45.10621810034327, 45.41934279498446, 45.483414978928714, 45.47850509505072, 45.49899926080322, 45.924277384365766]
45.51633326614229
==================================================================================================================================
density = 0.15000000000000002
mae
[13.860494713085235, 13.704638866774618, 13.754736185578272, 13.846179197151574, 13.93676160760782, 13.80754693215535, 13.733038870397843, 13.684981969305252, 13.784470349413132, 13.728429909023893, 13.945273260291431, 13.692374663417214, 13.796981913364126, 13.65986595754508, 13.636123892866888, 13.857762790447417, 13.692991306753735, 13.805029606994204, 13.761227532137505, 14.090719463859896]
13.788981449408524
nmae
[0.2917432973315231, 0.28849307571049176, 0.28937508165643433, 0.2909977732219906, 0.292995969708869, 0.29006708418560007, 0.2888927938389391, 0.28811598382048953, 0.2898143339545607, 0.2890181151503853, 0.29314880954417516, 0.2879168755117503, 0.2901489161966425, 0.2870703213000554, 0.2868643466010311, 0.2913201995812769, 0.2875300977854588, 0.29023216262155743, 0.2895779547964596, 0.29608879316624503]
0.2899705992841968
rmse
[42.40794828889289, 42.40535733959166, 42.303099176065444, 42.412370808599626, 42.462197397837116, 42.49230925713092, 42.44250563391299, 42.170943220760314, 42.57036200700577, 41.92892680244395, 42.67060569772371, 42.060586285567936, 42.29219715826661, 42.192886967703885, 41.89655500469254, 42.426406267619605, 42.14151956659486, 42.30852354550528, 42.32605439167646, 43.056029756598946]
42.34836922870953
==================================================================================================================================
density = 0.2
mae
[13.328638747236008, 13.154699971129753, 13.230058128862, 13.208016592095051, 13.135742845500774, 13.123932464028423, 13.15753999582874, 13.056158612652695, 13.324849263782369, 13.167477986485423, 13.14955617337051, 13.060421924145007, 13.253342133645573, 13.128498087499796, 13.167388968982541, 13.16214770652104, 13.07019954308657, 13.24960386911211, 13.282152531473352, 13.411314244879959]
13.191086989515885
nmae
[0.2806080432216151, 0.27721600015878806, 0.27819368137108286, 0.27746872928085653, 0.27614040133131385, 0.2757388136066613, 0.2765588364460665, 0.2751275254113427, 0.28012098661063467, 0.2770849453659636, 0.27639951191771567, 0.27463294901553703, 0.27869473505100373, 0.2759339505060625, 0.27685363331666296, 0.27660685469194113, 0.274537243477496, 0.27834766963030894, 0.2796019307976643, 0.28182871849877605]
0.27738475798537465
rmse
[40.714874523821685, 40.706784971297395, 40.95180170545543, 40.611639631715335, 40.41405799350558, 40.61460646981975, 40.61512319195773, 40.31067608319012, 41.180160791485434, 40.315796401159844, 40.525753133948655, 40.35922113389939, 40.73449443424881, 40.58907820241275, 40.6155910618399, 40.604085369347246, 40.506809700157895, 40.56309088466312, 40.64304931253758, 40.99552962419694]
40.62861123103302
++++++++++++++++++++++++w:  0.1
==================================================================================================================================
density = 0.05
mae
[18.856873347080754, 18.814607842886012, 19.074865488368868, 18.805616620898277, 18.999466769847675, 18.730550372723282, 18.647947918273015, 18.756631443342958, 18.863173779564228, 18.664939742525323, 18.86684846153086, 18.758425007407592, 18.876933240513978, 18.773628848854152, 18.934116850103806, 18.903342886126584, 18.75887376185036, 18.99694237459443, 18.7367652591135, 18.858886795655156]
18.83397184056304
nmae
[0.39680098589713036, 0.3956935294154236, 0.40122182408120294, 0.39551406571745834, 0.39941749873413923, 0.39351058285653207, 0.3919664099141776, 0.3943728724453896, 0.3965877001074926, 0.39252459366386816, 0.39679682397382676, 0.3942759627060143, 0.3968149635988459, 0.39448783960989003, 0.39810660575672846, 0.39730132775569477, 0.394359046706418, 0.3993570693264749, 0.39396290239102616, 0.39642322713877826]
0.3959747915898256
rmse
[52.709775083681855, 53.073310741396966, 53.49878637628005, 53.07119202545622, 53.355122283116415, 53.17406326535388, 53.13183851464707, 53.294302810499794, 53.017528621036156, 52.72556370300385, 52.90019274065819, 53.043239600538335, 53.59697371654293, 53.16076550683108, 53.17733989551976, 53.524043892864924, 53.23267222945416, 53.26806664762086, 53.26663273634034, 53.44667498800209]
53.183404268942255
==================================================================================================================================
density = 0.1
mae
[15.192600168489406, 15.075593488207344, 15.035738906104017, 15.204796339214058, 15.274218422244234, 15.242659808557905, 15.110673940954202, 15.03171524736339, 15.165135247324557, 15.192211636893706, 15.13273969276492, 15.132429917150608, 15.190385880396311, 15.02426319233333, 15.151120339343336, 15.17653585878507, 15.176241704396007, 15.235126732955475, 15.10824312174676, 15.143748362309424]
15.149808900376701
nmae
[0.31959486861665176, 0.3172367391182423, 0.31623445211638146, 0.31974634281082975, 0.3209998795366659, 0.3201483316763197, 0.3177443572198798, 0.3162786890734102, 0.31882728069312527, 0.3196807123679615, 0.31813790503247913, 0.31817098511549863, 0.3193816895389013, 0.3157387593088946, 0.3187181795376158, 0.3188429469004587, 0.31877629949526065, 0.3203151890489905, 0.31768703944124127, 0.3183959896967875]
0.3185328318172798
rmse
[45.50938727931701, 45.430000926122474, 45.45096160395928, 45.5468215731871, 45.94331096388334, 46.10723812800539, 45.471111274651506, 45.16484325600025, 45.71654575506994, 45.3534666718033, 45.6192338578192, 45.326201739994666, 45.53149256131646, 45.22835117568008, 45.253754811852396, 45.518471593124794, 45.464805587124815, 45.64792962175914, 45.56497920499073, 45.829974830601955]
45.53394412081319
==================================================================================================================================
density = 0.15000000000000002
mae
[13.67068715742433, 13.640866684276652, 13.684982571765971, 13.818604112738992, 13.739339595655332, 13.681712768403091, 13.65047058973231, 13.639992634864438, 13.784566688639899, 13.724021989417105, 13.987375703165043, 13.62700542307767, 13.712424617200503, 13.716208984002382, 13.603853999833891, 13.753815350278202, 13.62052354792984, 13.749892852782331, 13.708257731605974, 13.89512056060576]
13.720486178169983
nmae
[0.28774812376137116, 0.2871506227460279, 0.2879075902105475, 0.2904182423603562, 0.2888455181576048, 0.28742357704056565, 0.2871558599010792, 0.2871688034454684, 0.2898163594577633, 0.28892531731225446, 0.29403386075664906, 0.28654232157966847, 0.2883706861465886, 0.2882544039812754, 0.28618548200193206, 0.28913499916516555, 0.2860083950899601, 0.2890729865914866, 0.28846330957545185, 0.2919786664010576]
0.28853025628411366
rmse
[41.88956426147557, 42.274785962198976, 42.104293889694134, 42.32321878331181, 42.19061210060549, 42.24684816146193, 42.24994022084753, 42.034457537085316, 42.44169761762409, 41.88849790195564, 42.69619201427471, 41.93661482622426, 42.17625717483013, 42.18232197988359, 41.862393720327056, 42.22926407378979, 42.02614567575156, 42.19612640101491, 42.31423633829349, 42.67819440324836]
42.197083152194914
==================================================================================================================================
density = 0.2
mae
[13.153496155625605, 13.078478254604244, 12.92585545701463, 13.1176800665099, 13.174753560391949, 12.946862231757908, 13.122386769611825, 12.992822513759037, 13.136758542870426, 13.115947344204246, 13.142853852667104, 12.959023257056044, 13.21022126185385, 13.098472311886288, 13.17279393791585, 13.041561131887677, 12.997949948305013, 13.13573634721724, 13.277120475619558, 13.399806767234418]
13.11002900939964
nmae
[0.27692076345895, 0.2756097393222192, 0.27179709109613, 0.27557097568651584, 0.2769604870008472, 0.2720185006665305, 0.2758199494396081, 0.2737928675939252, 0.2761668587048603, 0.2760005793836694, 0.2762586312562916, 0.2725007502909763, 0.2777879781124158, 0.27530287063486747, 0.2769672765978537, 0.27407268824197156, 0.273019653441605, 0.27595554080297824, 0.27949600124074436, 0.28158689747968885]
0.27568030502263247
rmse
[40.26051052556479, 40.57009639238433, 40.26007219960498, 40.52943992751356, 40.52991782061274, 40.313058593669986, 40.4715297255974, 40.17488356111882, 40.68178409512827, 40.34321236708176, 40.53469418152746, 40.16716660652312, 40.56099446176976, 40.522235053576814, 40.52208223209062, 40.37648002132945, 40.38113030025967, 40.375415777315844, 40.57878305624856, 41.06335058504412]
40.4608418741981
++++++++++++++++++++++++w:  0.15000000000000002
==================================================================================================================================
density = 0.05
mae
[18.983155797680187, 18.958045552048883, 19.20888142103327, 18.93778602690322, 19.059462903649933, 18.84009948239051, 18.770906196222192, 18.899109659606918, 18.970137016833185, 18.79084469896258, 19.015030117386438, 18.871630509440788, 19.031285271621122, 18.901314578584564, 19.072646505112434, 19.03175944679202, 18.869990369622656, 19.119288416753236, 18.857013761469258, 18.98349744660723]
18.958594258936035
nmae
[0.39945831937851145, 0.39871019465043034, 0.4040407229611107, 0.39829381286355214, 0.40067877127337953, 0.39581210273388406, 0.3945509041967759, 0.39736858857803536, 0.39883654246881917, 0.39517238104210456, 0.3999132962630151, 0.3966553846606896, 0.4000596217657634, 0.3971708833664218, 0.4010193146614395, 0.40000032498415017, 0.3966949992838829, 0.4019290493786741, 0.3964912709936699, 0.39904260530895036]
0.398594954540663
rmse
[52.93520519967681, 53.289819829453364, 53.65737397102767, 53.29177666720358, 53.448184535274265, 53.356288202481124, 53.32601555604001, 53.54024731753374, 53.16132258000569, 52.93854387930291, 53.154243176978866, 53.21874525033644, 53.83468335464729, 53.3413294676587, 53.4133181089761, 53.771653347605934, 53.447993734432806, 53.48593423426015, 53.521344954120266, 53.62727940021764]
53.388065138361675
==================================================================================================================================
density = 0.1
mae
[15.233334119592493, 15.177166254131363, 15.093440871016243, 15.323917536559923, 15.35635013464123, 15.325459155217256, 15.131087171840404, 15.140162483549375, 15.24637157050048, 15.268988606423582, 15.305320405580153, 15.2347207437322, 15.30685050030702, 15.079918403873554, 15.31835783930254, 15.248362513384432, 15.284683920759647, 15.353892246869929, 15.19500579327115, 15.171268485108131]
15.239732937783057
nmae
[0.3204517569443015, 0.31937414173991435, 0.31744805055500885, 0.3222513791396857, 0.32272594296307217, 0.32188740300834523, 0.3181736027288533, 0.3185605011707059, 0.32053516892420825, 0.321296284669045, 0.32176609579890725, 0.3203217284686767, 0.3218303875095428, 0.31690836790905225, 0.3222361788897171, 0.3203519488513358, 0.3210541235517563, 0.3228122078601119, 0.31951143265681786, 0.3189745978805368]
0.3204235650609798
rmse
[45.557010184498246, 45.553924996003076, 45.48449377721755, 45.785284381830834, 46.06073446342842, 46.19532835219809, 45.43407480253376, 45.33471292895682, 45.781443640279406, 45.50918198204338, 45.787860098558944, 45.52639096173919, 45.69139565172698, 45.3375750743421, 45.58840649897971, 45.64525571649661, 45.70881199905077, 45.87436250781047, 45.70154915059214, 45.87163716087082]
45.671471716457866
==================================================================================================================================
density = 0.15000000000000002
mae
[13.702547048408245, 13.644042507083745, 13.666617681315048, 13.79639765223631, 13.732359743174552, 13.670895355729595, 13.664417836396435, 13.64005360089654, 13.759772737739938, 13.730048879523908, 13.815745762381336, 13.649287463001532, 13.690713051340218, 13.67812193114999, 13.645866033427327, 13.751483288960626, 13.637049478732427, 13.759407806306225, 13.737099067807637, 13.834765413172889]
13.710334616939226
nmae
[0.2884187282268449, 0.2872174762325324, 0.28752122571746336, 0.28995154100791726, 0.2886987790008616, 0.28719632629370584, 0.2874492588416331, 0.28717008699033225, 0.28929507411389227, 0.28905219856746206, 0.29042596352267047, 0.2870108579345819, 0.2879140944555325, 0.2874539815954562, 0.2870692928752306, 0.2890859741833741, 0.28635541221669414, 0.2892730256799276, 0.2890702187433564, 0.29071042152466187]
0.28831699688620654
rmse
[41.92779181414087, 42.301414659486284, 42.08527986008992, 42.331357141943975, 42.18766663380996, 42.237670788325666, 42.26917459908432, 42.02065802400543, 42.394964401199196, 42.02226620948981, 42.20405888151247, 41.99055669810172, 42.155160377185105, 42.141945306171536, 41.92536319908763, 42.22899602168182, 42.08350265858257, 42.216871530197494, 42.40068827448953, 42.60809384690239]
42.18667404627439
==================================================================================================================================
density = 0.2
mae
[13.336259220554481, 13.061383376957071, 12.911360095064621, 13.090807279763265, 12.987793578287826, 12.894676207098916, 12.96208234751441, 13.007200034950348, 13.13991556716723, 13.1011091965214, 13.11108050293378, 12.923985387110369, 13.095488034033515, 13.115480848289009, 13.169858840606256, 12.978995465187369, 12.977082192517232, 13.076154525497234, 13.364406484248105, 13.287070339834477]
13.079609476206844
nmae
[0.28076847716741193, 0.27524948985891307, 0.2714922913692957, 0.2750064429318185, 0.27303020265390515, 0.27092205243611184, 0.2724505046599247, 0.27409583969653745, 0.27623322709246967, 0.27568833831941597, 0.2755907654939424, 0.2717639782627607, 0.27537533787371254, 0.27566035498765856, 0.2769055641082923, 0.27275785021830296, 0.27258132990012784, 0.27470384593029196, 0.28133345465699844, 0.2792178259418725]
0.2750413586779882
rmse
[40.58102719694653, 40.54738029106472, 40.24025954266939, 40.49172144649241, 40.31647924881394, 40.253642208582136, 40.34225787474752, 40.18591026210766, 40.612951031400456, 40.355544548684755, 40.52460041599262, 40.10710006616657, 40.42609523884729, 40.55406357902093, 40.463729567486524, 40.304207515973935, 40.364290033950354, 40.301184395276735, 40.76482062574649, 40.91367254715176]
40.43254688185614
++++++++++++++++++++++++w:  0.2
==================================================================================================================================
density = 0.05
mae
[19.082078584581676, 19.054184887094756, 19.26956566016623, 19.029962270113135, 19.107101326534416, 18.916832361357258, 18.853464642273586, 18.997742795896905, 19.048436985450724, 18.881089077749966, 19.125407780208157, 18.960983406366914, 19.131174456127603, 18.99061881443595, 19.164507605430043, 19.08944613240865, 18.951810802408236, 19.208209197144786, 18.94057722032052, 19.067944288763147]
19.043556914741636
nmae
[0.40153992955044804, 0.4007321189508264, 0.4053171587573554, 0.4002324358531329, 0.40168025304877103, 0.3974241856319091, 0.3962862231631673, 0.39944242755037307, 0.4004827556053466, 0.3970702247320716, 0.4022346964764431, 0.39853345808328283, 0.40215940792323024, 0.399047421746543, 0.4029507757978653, 0.4012127558715004, 0.39841507204966103, 0.4037983576894096, 0.3982482926741792, 0.4008177201421779]
0.4003812835648848
rmse
[53.10536091338484, 53.47087837937331, 53.75788881448625, 53.45795017146534, 53.57411447069905, 53.50497716274801, 53.475214658850064, 53.71057769075663, 53.28342032322093, 53.09951314416668, 53.360386717853615, 53.366895397473634, 53.99392051008033, 53.478043239697, 53.58397281941601, 53.94794194941618, 53.612462298891806, 53.64721121178278, 53.69980574923605, 53.771446257881]
53.54509909404398
==================================================================================================================================
density = 0.1
mae
[15.296982317013587, 15.258678392288111, 15.155958776303821, 15.400546367901686, 15.33161600451436, 15.39687191011579, 15.199216543624784, 15.236549940705558, 15.312477005412596, 15.33335829179629, 15.388594306556307, 15.311266946379986, 15.387224028522466, 15.158517020250594, 15.362073734833412, 15.300468866920152, 15.334328525269823, 15.453378431495812, 15.258086589250475, 15.218821542763244]
15.304750777095942
nmae
[0.3217906743821915, 0.3210894072070835, 0.3187629387457086, 0.323862830423134, 0.3222061354958955, 0.3233873167129297, 0.31960621410873036, 0.3205885663709048, 0.321924949872966, 0.3226507778374311, 0.32351677577743765, 0.32193117129026166, 0.32352026118607524, 0.3185601380691321, 0.32315578419469754, 0.3214466481600683, 0.32209690631865673, 0.32490388301285417, 0.3208378576526814, 0.3199743967739792]
0.3217906816796409
rmse
[45.709805086813695, 45.68077847137266, 45.5674635007417, 45.97796539915409, 46.04932381610426, 46.30047833321003, 45.53632117805943, 45.52317402398213, 45.86028344126738, 45.651811621701256, 45.966245062000574, 45.6882441722946, 46.09914297683177, 45.48453635960421, 45.75448135694107, 45.73893306530419, 45.8136877606263, 46.09284299753635, 45.81135164709541, 45.93795804765082]
45.8122414159146
==================================================================================================================================
density = 0.15000000000000002
mae
[13.757627674408296, 13.663778083275043, 13.671956591644683, 13.851650306369903, 13.846263068488847, 13.697787734301853, 13.715073157882397, 13.675156757514312, 13.771223895644832, 13.742448809733682, 13.830141711303671, 13.732900985391773, 13.711304990888971, 13.67419031464071, 13.691808794561434, 13.774660738072917, 13.67805523208071, 13.7786290458231, 13.779414378885804, 13.865785558767461]
13.74549289148402
nmae
[0.28957809546307844, 0.2876329251277346, 0.28763354685483383, 0.29111275661032604, 0.29109339664541606, 0.2877612777566702, 0.2885148611081812, 0.28790912928697676, 0.28953583125704624, 0.2893132484093577, 0.29072858615401453, 0.2887690441301035, 0.28834714053618804, 0.28737135630337385, 0.2880357948120953, 0.28957321438247985, 0.28721646499952785, 0.28967712636439286, 0.2899606611991602, 0.29136224895593643]
0.28905633531784464
rmse
[42.00852391584106, 42.36041992334355, 42.11091748139911, 42.46239716670402, 42.55004012229587, 42.308805932343645, 42.35480642734213, 42.09296949285599, 42.49970361361101, 42.088023560578364, 42.24560612232622, 42.109185303189314, 42.218993741562834, 42.19692160783407, 41.99349262749876, 42.28932082786003, 42.18931787391818, 42.262050366739835, 42.5018724853075, 42.67732342686674]
42.27603460097092
==================================================================================================================================
density = 0.2
mae
[13.343770305910418, 13.034112668961907, 12.93091380833358, 13.097114425189035, 12.945162193124522, 12.889120787026172, 12.955804378475662, 13.029839783962316, 13.129206189782575, 13.169073223387773, 13.098342146639474, 12.917469725158137, 13.121340365787338, 13.136086717404773, 13.175811246907333, 13.028323245920795, 12.975760261903604, 13.051967524869477, 13.338185246146153, 13.256645081063915]
13.08120246629775
nmae
[0.28092660816669623, 0.27467479970189623, 0.2719034550562412, 0.27513894092002705, 0.2721340030292043, 0.27080533094701975, 0.27231854778856796, 0.2745729186220003, 0.2760080897344712, 0.277118514142793, 0.27532300927343134, 0.27162696772304595, 0.2759189674484967, 0.27609344785409523, 0.27703071764596876, 0.2737944897228761, 0.2725535629800026, 0.27419572543653303, 0.2807814726808964, 0.2785784619293131]
0.2750749015401788
rmse
[40.60231350379188, 40.5186384417548, 40.28128547301329, 40.52548376637571, 40.27259112941342, 40.27408196769218, 40.31647570905259, 40.229185428283905, 40.599464740601235, 40.550216641837494, 40.53593491496024, 40.09549483709637, 40.497909908165894, 40.570695044936606, 40.48114910882962, 40.29164124684048, 40.38819511290482, 40.28547454446237, 40.81506267782632, 40.87524003281109]
40.45032671153251
++++++++++++++++++++++++w:  0.25
==================================================================================================================================
density = 0.05
mae
[19.15851767877301, 19.124163097828532, 19.342000881186387, 19.10042631637462, 19.160184983471474, 18.973696960092003, 18.914856276227937, 19.071726874280774, 19.107583332072036, 18.94767370109149, 19.21431429193616, 19.02979092859986, 19.20056065907939, 19.052002687516676, 19.2308246421646, 19.149158681311047, 19.013827010989417, 19.271457436673977, 19.003018415406824, 19.126447787011543]
19.109611632104386
nmae
[0.4031484203844229, 0.4022038437626669, 0.4068407653863591, 0.40171441445482425, 0.40279620760340673, 0.3986188553531256, 0.3975766310120799, 0.4009980007670034, 0.4017262745301268, 0.3984705026103787, 0.40410452765445853, 0.3999796963500401, 0.4036179861386515, 0.40033727314786016, 0.40434515033390783, 0.4024677653746085, 0.39971880985433444, 0.4051279733233558, 0.3995611934926916, 0.40204749291857955]
0.4017700892226442
rmse
[53.22819150107533, 53.595862134529305, 53.88220300359632, 53.58883749702025, 53.68208432369426, 53.61973352991587, 53.5893807138938, 53.840948596055206, 53.382192415047506, 53.22039597047848, 53.53254911595725, 53.489795204660915, 54.10661849457677, 53.595388323383226, 53.710386949274046, 54.03748101148348, 53.73565959113506, 53.76407257906897, 53.83064137533452, 53.88131845520755]
53.6656870392694
==================================================================================================================================
density = 0.1
mae
[15.354273999741404, 15.317987498102942, 15.215394237836174, 15.453858229564569, 15.384712998578788, 15.456464436445009, 15.236231702168507, 15.32213757331302, 15.364619146697374, 15.386876499747554, 15.468298427411657, 15.357083907250635, 15.433421234846094, 15.245482778609672, 15.454998083939884, 15.35559170906164, 15.393041418088591, 15.502146675404726, 15.334394195191429, 15.257860180642304]
15.364743746632097
nmae
[0.3229958747831209, 0.3223374527545728, 0.3200129964070808, 0.3249839419733874, 0.3233220111647689, 0.3246389649242193, 0.32038456177242985, 0.32238939507185643, 0.32302117070082015, 0.3237769297928823, 0.32519240772156605, 0.32289450815387344, 0.3244915690859396, 0.3203877458722664, 0.32511053597005146, 0.3226047207000377, 0.32333016808859855, 0.32592922461591944, 0.32244240804433727, 0.32079518073357366]
0.3230520884165651
rmse
[45.868062617364814, 45.78490824254822, 45.66154239721306, 46.09257681751406, 46.139403620654534, 46.39641321599951, 45.612047046482076, 45.709039497681744, 45.93636250211077, 45.77260063543676, 46.163411720830176, 45.78617965311381, 46.24746224109896, 45.65413352476504, 45.936132164756664, 45.84733426238287, 45.93270253100211, 46.225575655602285, 46.014827894366434, 46.00036906556872]
45.93905426532463
==================================================================================================================================
density = 0.15000000000000002
mae
[13.828250185340394, 13.689610608205447, 13.687334200721603, 13.896508197548057, 13.806342773226838, 13.739724450628653, 13.771844933792057, 13.75240699411077, 13.777845661350593, 13.831540349317436, 13.852021096406022, 13.855269152146992, 13.768907205115742, 13.693559125288825, 13.733723278044806, 13.790396469626279, 13.732980152466366, 13.797781478002571, 13.826029546705742, 13.895856264327985]
13.786396606118657
nmae
[0.29106459682047303, 0.2881767194329321, 0.28795706428346907, 0.2920555110163186, 0.29025414245203357, 0.288642278638652, 0.2897091311534727, 0.28953551271716876, 0.2896750518849683, 0.29118885028203917, 0.29118852089868363, 0.29134214493258115, 0.2895585083652808, 0.28777840354038453, 0.28891755351508475, 0.28990401355446754, 0.2883697971952152, 0.2900797804672203, 0.2909415856790634, 0.2919941257697435]
0.28991666462996263
rmse
[42.16276679715873, 42.43041447515183, 42.18525100001477, 42.55275190203673, 42.496265314648625, 42.41083217127891, 42.420023124724736, 42.279297701811075, 42.52610438131969, 42.03504744624181, 42.30535284081157, 42.35957458747191, 42.342249475169396, 42.26897389132739, 42.06289058607411, 42.342717191914524, 42.31277327184105, 42.3135390204783, 42.61991355302195, 42.73105756635187]
42.35788981494245
==================================================================================================================================
density = 0.2
mae
[13.346881188930594, 13.01029816026025, 12.96773631283457, 13.139584652138968, 12.943495755209202, 12.899413348688627, 12.975622470995877, 13.051808543307969, 13.190258861449133, 13.093284684458194, 13.095066840824535, 12.922030585178682, 13.193450290845208, 13.12031083410514, 13.185830262938271, 12.984443037389163, 12.985056608833933, 13.04970989812718, 13.146868225653693, 13.244285092870445]
13.077271782751982
nmae
[0.2809921016363248, 0.2741729438737505, 0.27267773646790683, 0.27603113845944566, 0.27209897106792563, 0.27102158158299017, 0.2727351050332891, 0.27503585803430713, 0.27729156651412495, 0.2755236860982561, 0.2752541633810913, 0.2717228729276989, 0.2774353137599325, 0.27576187132701824, 0.27724137451932135, 0.27287233273635725, 0.2727488311128455, 0.27414829721537104, 0.2767540676200531, 0.2783187260399274]
0.27499192697039687
rmse
[40.629412601446674, 40.56589324797057, 40.34849288377921, 40.5970435962039, 40.29218699179131, 40.31477347133506, 40.36786265428573, 40.275925208551925, 40.68888178615764, 40.29359306192891, 40.55575438590043, 40.105780881620134, 40.586809011418744, 40.55487715525501, 40.514097284658725, 40.260330424602394, 40.43178541289352, 40.302855824560176, 40.51713259463338, 40.87780652673332]
40.45406475028634
++++++++++++++++++++++++w:  0.3
==================================================================================================================================
density = 0.05
mae
[19.201833558185704, 19.17748995148785, 19.392386532144325, 19.155431416427554, 19.20339259461724, 19.011793273480734, 18.96235177912178, 19.131707043419098, 19.15395497724678, 18.998730493871044, 19.290191093858883, 19.07846940566643, 19.254146479153604, 19.096605601328804, 19.281294790415036, 19.218760542678577, 19.06185959528969, 19.318947190169467, 19.051621149203303, 19.169843494973225]
19.160540548136957
nmae
[0.4040599067872639, 0.4033253707757879, 0.4079005800832014, 0.4028712651551068, 0.40370454235717507, 0.39941922171652494, 0.3985749522127802, 0.4022591308192888, 0.40270121248727886, 0.39954422945418494, 0.4057003253881191, 0.40100285012765763, 0.4047444220364343, 0.4012745084182339, 0.40540632997968096, 0.4039306236691529, 0.4007285764531173, 0.40612631128769894, 0.4005831241090922, 0.4029596923914618]
0.40284085878546205
rmse
[53.30797289723311, 53.69079841604016, 53.976493089939495, 53.69286565025547, 53.76929299839572, 53.70677260416565, 53.67666844496014, 53.940698776298674, 53.461125673331736, 53.31337111553616, 53.66947212655782, 53.58517682740914, 54.18935159565005, 53.68429192614598, 53.80701889700998, 54.072712241968944, 53.829254036616675, 53.851484509845044, 53.931677738786455, 53.966966780594895]
53.75617331733706
==================================================================================================================================
density = 0.1
mae
[15.395844075102659, 15.364684646403578, 15.2745488392373, 15.511323201592438, 15.433191732593327, 15.501525912127807, 15.27717061525573, 15.398939311485625, 15.393944272021244, 15.432096129302819, 15.472941770530923, 15.394695262815212, 15.459267414987307, 15.313965282775975, 15.513291003159567, 15.40911884799955, 15.439714729443654, 15.516189299158277, 15.378496297624192, 15.294463736224035]
15.40877061899206
nmae
[0.323870352004013, 0.3233201040223058, 0.3212571469660303, 0.3261923905599857, 0.32434083041617456, 0.3255854110460845, 0.3212454173950851, 0.3240053618905501, 0.3236376933899036, 0.3247284596777173, 0.32529002543536417, 0.3236853158507885, 0.3250349915339684, 0.3218269233296254, 0.3263367827872843, 0.32372926920550144, 0.32431053897150613, 0.3262244676920819, 0.32336976049968874, 0.3215647673000589]
0.32397780049868585
rmse
[45.95541764179169, 45.875930206168455, 45.77751233672585, 46.1959231841743, 46.22204096870975, 46.47432034735234, 45.68166291852481, 45.85772208559779, 45.994693701382516, 45.87487729894685, 46.095396816250364, 45.87063896862675, 46.269825828052845, 45.78991819090717, 46.03723124814704, 45.938018507645765, 46.031166560548485, 46.27807961224117, 46.10283514404104, 46.06179292071694]
46.0192502243276
==================================================================================================================================
density = 0.15000000000000002
mae
[13.872960501024327, 13.752366645130502, 13.706478742782316, 13.937321877651481, 13.820365352603899, 13.788417955790514, 13.756144305914642, 13.801732226607507, 13.808021837927566, 13.877500188537576, 13.881195017113173, 13.869266902071338, 13.924212512838563, 13.719004958340946, 13.768027837900481, 13.792549861164085, 13.783544562916576, 13.815923429782972, 13.878287394745355, 13.914219413053841]
13.823377076194882
nmae
[0.29200568407546473, 0.2894977817599229, 0.2883598312538674, 0.29291327039224335, 0.29054894258983305, 0.2896652252294171, 0.2893788474999174, 0.29057397867348844, 0.29030949690129954, 0.29215642095050204, 0.2918017968069722, 0.2916364830968136, 0.2928245608250376, 0.28831316306823956, 0.28963922158041977, 0.289949282510363, 0.28943156591729435, 0.29046119058000514, 0.29204124926082126, 0.2923799912721343]
0.2906943992122028
rmse
[42.29839969347973, 42.57081964167228, 42.25590514968329, 42.63082911283198, 42.535503334143066, 42.52924835378927, 42.37734232529974, 42.42647496846716, 42.57914186688116, 42.185353047102026, 42.38855886552096, 42.439402301016855, 42.74183347222992, 42.34256820063295, 42.12631880774449, 42.350378061155624, 42.43704925285429, 42.366765500942584, 42.771933448458284, 42.7618821471343]
42.455785377552004
==================================================================================================================================
density = 0.2
mae
[13.345891444386915, 13.011053051594052, 13.023802328507303, 13.164866949164589, 12.955380219252298, 12.914487564578618, 12.999716868062762, 13.076824699220976, 13.24240463198517, 13.158284938204106, 13.09935455847187, 12.932240441490235, 13.163662835486003, 13.117564880893353, 13.19611371272171, 13.036033065237337, 13.00320136781332, 13.064276957352538, 13.176512632367997, 13.250805476565771]
13.096623931167846
nmae
[0.28097126452872834, 0.27418885210096744, 0.2738566588239455, 0.2765622588422894, 0.2723488070086157, 0.27133829659329284, 0.27324154608684476, 0.2755630140896097, 0.2783877984039543, 0.2768914948598462, 0.27534428984994996, 0.2719375645329282, 0.27680893537963686, 0.2757041570544043, 0.2774575912986905, 0.2739565141066577, 0.2731299585851035, 0.27445432198628494, 0.2773781105479618, 0.27845574701694875]
0.2753988590848331
rmse
[40.65378766264326, 40.60374279558983, 40.444153722227114, 40.67390516367942, 40.3305291213739, 40.35849150637257, 40.42465971037023, 40.323998199462636, 40.794682696546325, 40.3733206381566, 40.581718571569276, 40.12657737904487, 40.602862069886996, 40.598082358130725, 40.55053674990957, 40.284717722009916, 40.48693162976931, 40.339955116657016, 40.58928310716086, 40.91255165847675]
40.50272437895186
++++++++++++++++++++++++w:  0.35000000000000003
==================================================================================================================================
density = 0.05
mae
[19.234439497062993, 19.219733309768483, 19.426693651824223, 19.19851512074862, 19.238585581454053, 19.042066211729733, 19.000337205481205, 19.181453190576256, 19.191286399880525, 19.039307694874893, 19.348460510511124, 19.116181266427215, 19.29715097107075, 19.13178524354489, 19.32102457412589, 19.258237238810377, 19.100348266761323, 19.356481899678343, 19.090473598716265, 19.204382225810765]
19.199847182942896
nmae
[0.4047460262968173, 0.40421379872879165, 0.40862219802306754, 0.4037773886503214, 0.4044443891615944, 0.4000552266036259, 0.3993733784666724, 0.40330508254077574, 0.4034860848113677, 0.4003975699715274, 0.40692581461116345, 0.4017955009072952, 0.4056484261814542, 0.40201373369896165, 0.4062416839317978, 0.4047603257955468, 0.4015377058274734, 0.4069153725635562, 0.4014000433351941, 0.40368571377799717]
0.40366727319425005
rmse
[53.371252949980274, 53.76570652379894, 54.04738360719473, 53.774656931520575, 53.84003488578707, 53.7650068340693, 53.7443097295748, 54.01463075513211, 53.52505154605173, 53.38701207518022, 53.76320014930462, 53.65954750884393, 54.253379376590786, 53.754590694071915, 53.88306125062774, 54.21642440740246, 53.902648032779496, 53.92053581885366, 54.012616289373774, 54.035610067397506]
53.83183297167678
==================================================================================================================================
density = 0.1
mae
[15.434645912653506, 15.403125282582845, 15.302774764105688, 15.564928063736724, 15.473734130212014, 15.533523245711354, 15.309360624003366, 15.427076310896922, 15.42934315306048, 15.471448842984886, 15.509022314169119, 15.426349961520115, 15.495014174210741, 15.36535346097431, 15.522993818227631, 15.454422144910085, 15.473333968705745, 15.542703749354073, 15.415150554100627, 15.326368826365197]
15.444033665124271
nmae
[0.324686595967299, 0.3241290129439135, 0.3218507998581146, 0.32731966370755883, 0.32519286122992624, 0.32625746520812204, 0.3219223027331175, 0.32459738569766855, 0.32438190890775137, 0.32555653552632813, 0.32604855223213297, 0.3243508802529113, 0.3257865761511212, 0.3229068591254631, 0.3265408907004696, 0.3246810434987701, 0.3250167096356641, 0.32678192817638657, 0.32414050413474166, 0.3222355690400788]
0.32471920223637696
rmse
[46.032155877399624, 45.95290704320693, 46.03887298852675, 46.2906935680688, 46.290787354519416, 46.53607973507478, 45.73340887545366, 45.90867116406131, 46.06375320374838, 45.96199532759474, 46.159935875372724, 45.94109715194621, 46.321025249716286, 45.8888406024033, 46.075732927872764, 46.02268219405288, 46.129282726734814, 46.34107256910309, 46.177261940832814, 46.11549304194891]
46.099087470881905
==================================================================================================================================
density = 0.15000000000000002
mae
[13.902938979477781, 13.74935571614835, 13.725076706239467, 13.973688940277153, 13.83346707671082, 13.831884575554215, 13.73660439402623, 13.807601879161828, 13.838906609563344, 13.782419498741167, 13.97615342920928, 13.88618481790188, 13.958569349995967, 13.745752942113535, 13.797722825602776, 13.788452391426192, 13.817782766261407, 13.833943429534397, 13.902206306447585, 13.929555787537726]
13.840913421096554
nmae
[0.29263668753775357, 0.28943439941389754, 0.2887510991867049, 0.29367757757706386, 0.2908243833606266, 0.290578366116514, 0.2889677993852151, 0.29069755506724365, 0.2909588399151457, 0.29015473234268147, 0.2937979531348258, 0.2919922251492944, 0.2935470810927136, 0.2888752880788063, 0.29026391766792015, 0.2898631448184519, 0.29015051137889575, 0.2908400368155573, 0.29254457569122244, 0.29270225505888603]
0.291062921439471
rmse
[42.400443319560516, 42.57747938154335, 42.31345033781166, 42.701379265654516, 42.572197514627426, 42.657456955599244, 42.35075587517551, 42.4396589565783, 42.63203036434304, 42.1234111441142, 42.67337109589827, 42.50556853255658, 42.85170052021273, 42.4197923840391, 42.18279017640794, 42.34354178875804, 42.53564288699811, 42.41930490862378, 42.87270466565304, 42.78655900655999]
42.51796195403576
==================================================================================================================================
density = 0.2
mae
[13.344335293759823, 13.01918688415252, 13.095897699340306, 13.18486187229741, 12.975931277038649, 12.930098612899394, 13.024609413274202, 13.12252158908915, 13.287544967029731, 13.032367721435113, 13.142792902956174, 12.944913744552105, 13.219991055694067, 13.181998089448436, 13.205951356629166, 13.07667905862803, 13.035308780243996, 13.102574929831796, 13.202999613109267, 13.268409529796736]
13.119948719560304
nmae
[0.2809385028648625, 0.2743602606874626, 0.27537263679067053, 0.2769823041893745, 0.27278083262084435, 0.27166629065718534, 0.27376476344677975, 0.27652596748206015, 0.2793367588715962, 0.2742418025524142, 0.2762573501126446, 0.27220405719402785, 0.27799341988539245, 0.2770584101960728, 0.27766443469531765, 0.27481070300031823, 0.2738043691382749, 0.2752588857676987, 0.2779356866591163, 0.278825683003227]
0.275889155990767
rmse
[40.677409476482346, 40.64160496253344, 40.58397651669911, 40.75950480361422, 40.37932374221324, 40.40022068708278, 40.4788164394413, 40.39439205546364, 40.900332675591805, 40.22305520779387, 40.698688173522605, 40.15293956791725, 40.68810868932968, 40.83388608894117, 40.58600748744197, 40.366064161737434, 40.56900266909697, 40.40585313653708, 40.65614270651031, 40.96041942570135]
40.56778743368258
++++++++++++++++++++++++w:  0.4
==================================================================================================================================
density = 0.05
mae
[19.26140268297095, 19.254157630476474, 19.4530351592266, 19.232208404574852, 19.267490434869053, 19.070898822169585, 19.031482337802515, 19.21997814079663, 19.22202276938654, 19.072640229094176, 19.39301329768427, 19.146444530509754, 19.332042203910206, 19.160120546295886, 19.35328333379586, 19.287054117988028, 19.131941636582717, 19.387165183698983, 19.12228174004367, 19.232981980634083]
19.23158225912554
nmae
[0.40531340661243365, 0.40493778304312983, 0.409176266813512, 0.40448601564948483, 0.40505204328116257, 0.40066097160917497, 0.40002802667546133, 0.40411509980454285, 0.4041322998245195, 0.4010985547928393, 0.40786282348604425, 0.40243159256083527, 0.4063818802395208, 0.40260913975801, 0.4069199529749122, 0.40536598503941834, 0.4022018784938701, 0.4075604019657711, 0.4020688475553309, 0.40428689492009134]
0.4043344932550033
rmse
[53.4256698294669, 53.82643782788287, 54.10344630757448, 53.839002430350554, 53.89864292290228, 53.82230361160079, 53.7965284165747, 54.06750581612846, 53.57766592682393, 53.446921842102064, 53.83047655467305, 53.71960540896501, 54.305287312137736, 53.8111311933744, 53.944407853776944, 54.28780708051865, 53.96186274091839, 53.97695756806856, 54.07921553899642, 54.09160735426166]
53.890624176854885
==================================================================================================================================
density = 0.1
mae
[15.469610334513119, 15.434472409051454, 15.326019162291322, 15.6129431792947, 15.50873796382885, 15.55863800465267, 15.33763101229266, 15.46507588234592, 15.465524079246872, 15.506402681814462, 15.542234906701434, 15.453593504344987, 15.529865669379936, 15.40212346855973, 15.549653994994733, 15.492317477997954, 15.505238974413542, 15.572421880791959, 15.445581786374703, 15.354025963269319]
15.476605616808015
nmae
[0.3254221152126259, 0.32478865265822443, 0.32233968035616745, 0.3283293883534396, 0.3259284947048255, 0.32678496160812703, 0.322516767042945, 0.3253969255003766, 0.32514256590954116, 0.32629204845651255, 0.326746785653407, 0.32492369670777566, 0.3265193376160198, 0.3236795903021056, 0.3271017127925031, 0.32547718431693423, 0.3256868728982827, 0.3274067453542521, 0.3247803937638531, 0.322817057933455]
0.3254040488570687
rmse
[46.09878505967694, 46.008704384355966, 46.07500744614508, 46.375975666402034, 46.35014244077603, 46.58771095718841, 45.77989375012357, 46.02137469811232, 46.125206768019055, 46.03831519871655, 46.219973483963095, 45.999972089291326, 46.37586336133239, 45.96228766850383, 46.12943843646523, 46.09827767706473, 46.19792661195575, 46.401930775290126, 46.24029268580421, 46.162116900737026]
46.16245980299618
==================================================================================================================================
density = 0.15000000000000002
mae
[13.928368647821296, 13.76482044608263, 13.742401015399766, 14.005859208525022, 13.847259795001445, 13.865473097256954, 13.745025499316514, 13.82199589757057, 13.869157225597498, 13.795456170427824, 14.03129745370576, 13.899358513688648, 13.975095984041445, 13.77388174176756, 13.825235266696877, 13.794754114484611, 13.840059774928937, 13.851523834464054, 13.920145324198458, 13.944059225829422]
13.862061411840264
nmae
[0.29317194514912726, 0.28975994374579445, 0.28911557170804336, 0.29435368296980713, 0.29111435107222733, 0.2912839892514772, 0.28914494856956396, 0.29100059870911815, 0.2915948499986254, 0.29042918720049704, 0.29495715631664143, 0.2922692354870266, 0.29389463427403867, 0.28946643176788517, 0.29084269932903334, 0.2899956206911339, 0.29061829159850217, 0.2912096411617814, 0.292922067020337, 0.2930070163275752]
0.29150759311741176
rmse
[42.48116427986841, 42.61554674968023, 42.36195214013274, 42.76561986193887, 42.60795996964203, 42.734224472810396, 42.36959808127791, 42.50025702741644, 42.68204203443865, 42.199927045895826, 42.773641763530144, 42.55213800600926, 42.88836418950202, 42.49770633127824, 42.234648129007, 42.372809553260176, 42.60893634826703, 42.46958808454222, 42.920305629957305, 42.81132510976439]
42.57238774041097
==================================================================================================================================
density = 0.2
mae
[13.344552048464314, 13.030293802127424, 13.14358263810019, 13.212822613667022, 13.04613731415213, 12.945526323019488, 13.050099308770664, 13.231941175484776, 13.304933810757317, 13.022641314059221, 13.1952385823224, 12.958292963814708, 13.310346917146049, 13.157416384804385, 13.215397674504906, 13.100074660946014, 13.083047746849708, 13.20735619517286, 13.227363092280031, 13.283913613334734]
13.153548908988915
nmae
[0.28094306620509846, 0.2745943226867368, 0.27637532691722616, 0.27756969225960304, 0.27425670829018556, 0.2719904327157369, 0.2743005365352042, 0.27883172531862527, 0.27970231498142994, 0.2740371285017629, 0.2773597417057825, 0.27248539377434317, 0.2798934465061297, 0.2765417534675271, 0.2778630501863253, 0.27530236926292934, 0.27480711773864563, 0.2774601305231432, 0.27844856104457094, 0.27915148970011205]
0.2765957154160559
rmse
[40.70205504020252, 40.67872513090547, 40.72648463786118, 40.817828518366056, 40.517724353625766, 40.43903709883789, 40.53009870654646, 40.587498853393214, 40.95763212164239, 40.24009182929799, 40.7801411354283, 40.18335178135453, 40.837312397093804, 40.791845498280146, 40.618283644508075, 40.43316199131962, 40.696002346490936, 40.56167768780465, 40.71973147024395, 40.99978780451806]
40.640923602386046
++++++++++++++++++++++++w:  0.45
==================================================================================================================================
density = 0.05
mae
[19.28442969067439, 19.282970108971444, 19.475663849011205, 19.258777496272877, 19.29156743547361, 19.09541618835687, 19.05773332112867, 19.249344458971542, 19.24781611550292, 19.10048202910389, 19.425465902571272, 19.171298327374203, 19.360180698853252, 19.183422862017835, 19.380090451153265, 19.311774552584573, 19.158478552503308, 19.412672222801987, 19.14889795187283, 19.257113300913467]
19.25767977580567
nmae
[0.4057979588067878, 0.4055437436563983, 0.4096522399834136, 0.40504480878516047, 0.40555820355792116, 0.4011760575445309, 0.4005798034037193, 0.40473254965350786, 0.404674590529886, 0.40168406920576744, 0.40854534821056815, 0.40295398474897265, 0.4069733839389982, 0.4030987883102994, 0.4074835964015249, 0.4058855471902543, 0.4027597516901947, 0.4080966154354184, 0.4026284852472089, 0.40479414733450625]
0.4048831836817519
rmse
[53.472927106091575, 53.87670713486749, 54.15001302499756, 53.89061301161137, 53.94828374774107, 53.87208559214718, 53.838383962422775, 54.10890557293935, 53.62168606796126, 53.49677727601596, 53.87922995227491, 53.76917738730156, 54.34880502541505, 53.85809984852162, 53.99498277747318, 54.34277865065834, 54.01072412939726, 54.02403868115971, 54.135171144474285, 54.13801385785197]
53.938870197566175
==================================================================================================================================
density = 0.1
mae
[15.500524036910376, 15.457932863824151, 15.353670964236123, 15.655198799715922, 15.539322078929036, 15.579138539682992, 15.362547504708617, 15.4916935062655, 15.497525627351099, 15.538076141912361, 15.57269877429981, 15.477531343166985, 15.561612698928437, 15.440979943311222, 15.578405269062856, 15.52476484575428, 15.530864168637134, 15.602343668608185, 15.471207743225495, 15.379073502962513]
15.505755601074654
nmae
[0.32607242263509045, 0.3252823326036371, 0.3229212581883347, 0.32921799480310593, 0.32657124427089157, 0.32721554342067555, 0.3230407062727781, 0.3259569804948331, 0.3258153569129607, 0.3269585343197469, 0.32738723220926547, 0.3254270081918685, 0.3271868269092396, 0.32449616912344936, 0.3277065230986152, 0.32615886915271325, 0.3262251289927463, 0.3280358443626841, 0.3253192409546995, 0.32334368027287086]
0.3260169448595104
rmse
[46.156312506443946, 46.0392202378874, 46.10632900268633, 46.451592993288706, 46.4018005648844, 46.63238167540053, 45.82161894533113, 46.08535645515471, 46.17994986791198, 46.10616357435037, 46.27599108014853, 46.049895888351934, 46.42761193297304, 46.0765542158864, 46.18606106542954, 46.16499588163068, 46.25058160647869, 46.45877251104369, 46.29439528847338, 46.2029897246742]
46.21842875092149
==================================================================================================================================
density = 0.15000000000000002
mae
[13.951133388724285, 13.78156090294524, 13.759347751674536, 14.034103607048815, 13.861181994010636, 13.887302108367072, 13.765040337226221, 13.839253287272921, 13.89761457029308, 13.800820099170771, 14.04008755677035, 13.946193375670248, 13.989658494174986, 13.802074463592445, 13.85117481233472, 13.804371396958242, 13.856677014364424, 13.868750886614457, 13.937113355554937, 13.959019242814357]
13.881623932279137
nmae
[0.2936511099056107, 0.29011234310020584, 0.2894721007702629, 0.29494728044961654, 0.2914070408888452, 0.29174257017352506, 0.28956598738672135, 0.29136392617446805, 0.29219315709276894, 0.29054211144495623, 0.29514193636369096, 0.293254057145668, 0.29420088215918355, 0.29005891881993584, 0.29138839184906246, 0.29019779680657287, 0.2909672260550262, 0.29157181674151883, 0.2932791258514374, 0.29332137170071115]
0.29191895754398944
rmse
[42.547832103540706, 42.651858768554334, 42.405175289842454, 42.82414235972516, 42.64200604048236, 42.773110310691216, 42.40653096217207, 42.54571175126798, 42.72814575359755, 42.2265767598928, 42.81761866875198, 42.6265791584981, 42.91942979815652, 42.57619483266286, 42.28374197198335, 42.411145737562386, 42.66631319172613, 42.51667969100004, 42.964086147343814, 42.83925583938503]
42.61860675684184
==================================================================================================================================
density = 0.2
mae
[13.346912050063926, 13.043513869331584, 13.123262186239788, 13.234679857029432, 13.159414803062795, 12.960942261671, 13.076197119505919, 13.25795850406021, 13.315457790360352, 13.017046655216122, 13.203019257899783, 12.973353480013975, 13.34848158521266, 13.14750933352521, 13.225256675212416, 13.11667477246131, 13.10588852253124, 13.345837592147005, 13.251046720115847, 13.296787285022422]
13.17746201603415
nmae
[0.280992751356255, 0.27487291620541915, 0.2759480407137108, 0.2780288604851321, 0.27663803469231657, 0.27231432745125556, 0.2748490874172855, 0.27937997870931525, 0.27992355482370607, 0.2739193993708335, 0.27752328904560325, 0.27280208446025844, 0.2806953522523114, 0.27633352768426467, 0.2780703426247256, 0.27565122605561726, 0.27528688421610636, 0.2803693476224379, 0.2789471239134656, 0.27942202026317753]
0.27709840746815984
rmse
[40.7284260060209, 40.715264371914785, 40.74403821829261, 40.842693813503296, 40.827774842541075, 40.47460435332994, 40.57922428607074, 40.658126236629926, 40.99741731710406, 40.26227617072167, 40.798236006076735, 40.21278922689688, 40.94228075606252, 40.78751418307975, 40.64862744425924, 40.48420206332702, 40.816813249179724, 40.9565190792057, 40.77796359486756, 41.035066296076515]
40.714492875758026
++++++++++++++++++++++++w:  0.5
==================================================================================================================================
density = 0.05
mae
[19.30447848851433, 19.307642838603357, 19.49600884833899, 19.28060541759598, 19.31207550504713, 19.115942058327, 19.08027161469773, 19.273023507703567, 19.269757064616204, 19.124172890387197, 19.445511662762392, 19.192094341763266, 19.38254546980437, 19.203090486394483, 19.402693802854106, 19.33265624513132, 19.181043880862276, 19.434196470424475, 19.171548915002127, 19.277742290469497]
19.279355089964987
nmae
[0.40621984119431376, 0.4060626404386161, 0.4100801778761449, 0.40550388705324913, 0.40598933575505847, 0.40160728603994905, 0.4010535420721547, 0.4052304202063004, 0.40513588673850387, 0.40218228917470683, 0.40896693923538585, 0.4033910880020687, 0.40744351728416556, 0.40351206156253355, 0.40795885192548653, 0.4063244285153504, 0.40323413205509473, 0.40854910196090627, 0.403104748841963, 0.40522777900646145]
0.40533889774692067
rmse
[53.51400275747143, 53.91894712649428, 54.18981664467758, 53.933750141104525, 53.991048621344376, 53.91459713280641, 53.872697794297906, 54.144414066267565, 53.65906672363927, 53.53903095919976, 53.91402263787323, 53.81073212217355, 54.38595656629863, 53.89818119910886, 54.037433378833214, 54.38811661709782, 54.05183623190777, 54.06397574922508, 54.182955335055986, 54.17706026874963]
53.97938210368134
==================================================================================================================================
density = 0.1
mae
[15.52755355943416, 15.47374616861221, 15.379472136635766, 15.692261940812788, 15.566077184660491, 15.59753654507097, 15.384607241440122, 15.51817572622763, 15.526078083549681, 15.566439654264396, 15.600620894549456, 15.498699313541787, 15.589940510879604, 15.469125550372327, 15.603673312831999, 15.552947117611073, 15.552986275656366, 15.631124520279531, 15.493131662964357, 15.402964461213353]
15.5313580930304
nmae
[0.3266410215980038, 0.3256150930518125, 0.32346391323633167, 0.32999740700662494, 0.32713352415188895, 0.3276019648723848, 0.32350457419128265, 0.32651418648733255, 0.3264156352367897, 0.32755537091277703, 0.32797424322119306, 0.32587208106013354, 0.32778242629118687, 0.32508765630253467, 0.3282380603533003, 0.32675094884025063, 0.3266898028922524, 0.3286409554395849, 0.32578024393821386, 0.3238459855882453]
0.3265552547336062
rmse
[46.20592101816169, 46.0477808333682, 46.13866850809273, 46.518107503467405, 46.44676558190286, 46.67247237288941, 45.859029329796904, 46.13971162125371, 46.22886255905308, 46.16610293042482, 46.32863640633407, 46.09293197126759, 46.47478706573456, 46.13247220988809, 46.235709968417396, 46.22397354316238, 46.29554989549039, 46.51144794626789, 46.341423537758644, 46.24082882870923]
46.265059181572056
==================================================================================================================================
density = 0.15000000000000002
mae
[13.971749419046077, 13.801263960024585, 13.775970841881842, 14.058937178108392, 13.874657392924789, 13.904190434288232, 13.789736225120818, 13.860010877289023, 13.923757955351592, 13.806882841086528, 14.045103335358622, 13.971179660827278, 13.997689648211413, 13.828021265353748, 13.876481818084773, 13.813598750160658, 13.870658929892793, 13.885679108405736, 13.954689408164665, 13.974107274568397]
13.899218316207495
nmae
[0.29408504742288333, 0.29052710744335836, 0.2898218208972956, 0.29546919438533775, 0.2916903375170885, 0.29209735784730934, 0.29008549833528363, 0.29180094490658226, 0.2927428138830549, 0.29066974747127144, 0.29524737492302533, 0.2937794571095091, 0.29436977638939343, 0.29060420650734625, 0.2919207775714241, 0.29039177576386804, 0.2912608230820773, 0.2919277098152527, 0.29364897929338024, 0.29363841705277893]
0.292288958380876
rmse
[42.6043592642512, 42.691267622019694, 42.4449964253708, 42.87770980520579, 42.67399908493399, 42.80873458900616, 42.45039811433438, 42.59018039390478, 42.770168768020376, 42.246272196490516, 42.84672908316429, 42.66159644811796, 42.941369137623845, 42.6550581679274, 42.33095006226439, 42.44807410695181, 42.714176035883426, 42.56053433299795, 43.00521645891672, 42.86973912513567]
42.65957646112605
==================================================================================================================================
density = 0.2
mae
[13.35124503565566, 13.058074643983584, 13.076242809883224, 13.250502974541593, 13.16968235092189, 12.976705331626766, 13.102962879076767, 13.276154728708287, 13.324431952230334, 13.014285906223948, 13.212594947412498, 12.989383823883234, 13.329648975385625, 13.132134919924987, 13.236055048264449, 13.13176898339749, 13.107393041390148, 13.171368840732901, 13.274766714638035, 13.309505414036565]
13.1747454660959
nmae
[0.2810839737707312, 0.27517976316636084, 0.2749593456318752, 0.2783612662084856, 0.2768538797206372, 0.2726455155475304, 0.275411677941491, 0.2797634209152335, 0.2801122136991093, 0.2738613045720838, 0.2777245670106307, 0.2731391685633692, 0.2802993352210495, 0.27601038922218396, 0.27829738602872967, 0.2759684358533044, 0.27531848637022216, 0.2767041082040251, 0.2794464523356621, 0.27968928221352113]
0.2770414986098118
rmse
[40.755844264777174, 40.751728244762795, 40.64137074335991, 40.860915875255934, 40.85101346802918, 40.507439265894995, 40.62647534743613, 40.718128517274394, 41.029635293440116, 40.28703144637995, 40.8292281694544, 40.242295044503564, 40.938429583402424, 40.75531673568853, 40.67715591629336, 40.52619539965512, 40.87832538264935, 40.621950951866644, 40.831627325936495, 41.06818026034981]
40.719914361820514
