Parameter setting:
----------------------------------------------------------------------------------------------------------------------------------
currentDate:2019-06-07 13:05:39
dataPath:..\DataSet\tpData.txt
program path:C:\Users\hp\PycharmProjects\test\ourNMF0407
outPath:C:\Users\hp\Desktop\ZhaoZhuangData\实验数据201906\tp\2019-06-07ourNMF参数u分析_tp.txt
parallelMode:True
threadNum:7
metrics:['MAE', 'NMAE', 'RMSE']
density:[0.05 0.1  0.15 0.2 ]
rounds:20
topK:5
u:[0.1 0.2 0.3 0.4 0.5 0.6 0.7 0.8 0.9]
dimension:10
lambda:800
weight:0.1
maxIter:300
numUser:339
numService:5825
method:mainOurNMF.py
saveData:True
----------------------------------------------------------------------------------------------------------------------------------
数据集： (339, 5825)
算法创新点：
1.改进PCC，在PCC前面加上一个min(sigma_u1,sigma_u2)/max(sigma_u1,sigma_u2)
2.利用局部平均值
3.利用以上两点改进的UIPCC对稀疏矩阵进行填充，在利用NMF进行矩阵分解时，原来的真实调用的数据权重为1，填充的数据权重为一个小于1的参数weight
++++++++++++++++++++++++u:  0.1
==================================================================================================================================
density = 0.05
mae
[18.856873347080754, 18.814607842886012, 19.074865488368868, 18.805616620898277, 18.999466769847675, 18.730550372723282, 18.647947918273015, 18.756631443342958, 18.863173779564228, 18.664939742525323, 18.86684846153086, 18.758425007407592, 18.876933240513978, 18.773628848854152, 18.934116850103806, 18.903342886126584, 18.75887376185036, 18.99694237459443, 18.7367652591135, 18.858886795655156]
18.83397184056304
nmae
[0.39680098589713036, 0.3956935294154236, 0.40122182408120294, 0.39551406571745834, 0.39941749873413923, 0.39351058285653207, 0.3919664099141776, 0.3943728724453896, 0.3965877001074926, 0.39252459366386816, 0.39679682397382676, 0.3942759627060143, 0.3968149635988459, 0.39448783960989003, 0.39810660575672846, 0.39730132775569477, 0.394359046706418, 0.3993570693264749, 0.39396290239102616, 0.39642322713877826]
0.3959747915898256
rmse
[52.709775083681855, 53.073310741396966, 53.49878637628005, 53.07119202545622, 53.355122283116415, 53.17406326535388, 53.13183851464707, 53.294302810499794, 53.017528621036156, 52.72556370300385, 52.90019274065819, 53.043239600538335, 53.59697371654293, 53.16076550683108, 53.17733989551976, 53.524043892864924, 53.23267222945416, 53.26806664762086, 53.26663273634034, 53.44667498800209]
53.183404268942255
==================================================================================================================================
density = 0.1
mae
[15.192600168489406, 15.075593488207344, 15.035738906104017, 15.204796339214058, 15.274218422244234, 15.242659808557905, 15.110673940954202, 15.03171524736339, 15.165135247324557, 15.192211636893706, 15.13273969276492, 15.132429917150608, 15.190385880396311, 15.02426319233333, 15.151120339343336, 15.17653585878507, 15.176241704396007, 15.235126732955475, 15.10824312174676, 15.143748362309424]
15.149808900376701
nmae
[0.31959486861665176, 0.3172367391182423, 0.31623445211638146, 0.31974634281082975, 0.3209998795366659, 0.3201483316763197, 0.3177443572198798, 0.3162786890734102, 0.31882728069312527, 0.3196807123679615, 0.31813790503247913, 0.31817098511549863, 0.3193816895389013, 0.3157387593088946, 0.3187181795376158, 0.3188429469004587, 0.31877629949526065, 0.3203151890489905, 0.31768703944124127, 0.3183959896967875]
0.3185328318172798
rmse
[45.50938727931701, 45.430000926122474, 45.45096160395928, 45.5468215731871, 45.94331096388334, 46.10723812800539, 45.471111274651506, 45.16484325600025, 45.71654575506994, 45.3534666718033, 45.6192338578192, 45.326201739994666, 45.53149256131646, 45.22835117568008, 45.253754811852396, 45.518471593124794, 45.464805587124815, 45.64792962175914, 45.56497920499073, 45.829974830601955]
45.53394412081319
==================================================================================================================================
density = 0.15000000000000002
mae
[13.67068715742433, 13.640866684276652, 13.684982571765971, 13.818604112738992, 13.739339595655332, 13.681712768403091, 13.65047058973231, 13.639992634864438, 13.784566688639899, 13.724021989417105, 13.987375703165043, 13.62700542307767, 13.712424617200503, 13.716208984002382, 13.603853999833891, 13.753815350278202, 13.62052354792984, 13.749892852782331, 13.708257731605974, 13.89512056060576]
13.720486178169983
nmae
[0.28774812376137116, 0.2871506227460279, 0.2879075902105475, 0.2904182423603562, 0.2888455181576048, 0.28742357704056565, 0.2871558599010792, 0.2871688034454684, 0.2898163594577633, 0.28892531731225446, 0.29403386075664906, 0.28654232157966847, 0.2883706861465886, 0.2882544039812754, 0.28618548200193206, 0.28913499916516555, 0.2860083950899601, 0.2890729865914866, 0.28846330957545185, 0.2919786664010576]
0.28853025628411366
rmse
[41.88956426147557, 42.274785962198976, 42.104293889694134, 42.32321878331181, 42.19061210060549, 42.24684816146193, 42.24994022084753, 42.034457537085316, 42.44169761762409, 41.88849790195564, 42.69619201427471, 41.93661482622426, 42.17625717483013, 42.18232197988359, 41.862393720327056, 42.22926407378979, 42.02614567575156, 42.19612640101491, 42.31423633829349, 42.67819440324836]
42.197083152194914
==================================================================================================================================
density = 0.2
mae
[13.153496155625605, 13.078478254604244, 12.92585545701463, 13.1176800665099, 13.174753560391949, 12.946862231757908, 13.122386769611825, 12.992822513759037, 13.136758542870426, 13.115947344204246, 13.142853852667104, 12.959023257056044, 13.21022126185385, 13.098472311886288, 13.17279393791585, 13.041561131887677, 12.997949948305013, 13.13573634721724, 13.277120475619558, 13.399806767234418]
13.11002900939964
nmae
[0.27692076345895, 0.2756097393222192, 0.27179709109613, 0.27557097568651584, 0.2769604870008472, 0.2720185006665305, 0.2758199494396081, 0.2737928675939252, 0.2761668587048603, 0.2760005793836694, 0.2762586312562916, 0.2725007502909763, 0.2777879781124158, 0.27530287063486747, 0.2769672765978537, 0.27407268824197156, 0.273019653441605, 0.27595554080297824, 0.27949600124074436, 0.28158689747968885]
0.27568030502263247
rmse
[40.26051052556479, 40.57009639238433, 40.26007219960498, 40.52943992751356, 40.52991782061274, 40.313058593669986, 40.4715297255974, 40.17488356111882, 40.68178409512827, 40.34321236708176, 40.53469418152746, 40.16716660652312, 40.56099446176976, 40.522235053576814, 40.52208223209062, 40.37648002132945, 40.38113030025967, 40.375415777315844, 40.57878305624856, 41.06335058504412]
40.4608418741981
++++++++++++++++++++++++u:  0.2
==================================================================================================================================
density = 0.05
mae
[18.904912250929108, 18.855870751969633, 19.11979124131438, 18.834331541612702, 19.039784522517976, 18.79276035700727, 18.685837688205616, 18.79737062674391, 18.907446206898072, 18.710407702845558, 18.907734655124692, 18.805460418455468, 18.914255708200375, 18.815117056128948, 18.986734713569223, 18.952674690625006, 18.81264268020867, 19.03650765981967, 18.77753237333493, 18.9099988641291]
18.87835858548201
nmae
[0.3978118578512232, 0.39656133735835764, 0.40216679496742025, 0.39611798928281994, 0.4002650812542819, 0.3948175539111968, 0.3927628255389983, 0.3952294456966924, 0.3975185031812324, 0.393480787088311, 0.3976567191383791, 0.39526458152475047, 0.3975995250245658, 0.39535962595385626, 0.39921294302042154, 0.398338159788308, 0.3954894055784597, 0.40018881772277204, 0.39482007973293526, 0.39749762836668356]
0.39690798309908326
rmse
[53.00617503100537, 53.28119853531431, 53.761397900675185, 53.28201675674815, 53.6092442727447, 53.432587567408106, 53.36853481644046, 53.52469259196685, 53.26676832433929, 52.93502040011189, 53.109250771593864, 53.30381230483518, 53.81089331888609, 53.41921279715095, 53.436683248860625, 53.80692519576776, 53.44693875877313, 53.4987810883611, 53.46564028754397, 53.703537024324376]
53.42346554964256
==================================================================================================================================
density = 0.1
mae
[15.223940944743273, 15.136321716449398, 15.101828294388815, 15.272471389590212, 15.320658945943695, 15.298868954269418, 15.177523703847562, 15.102542864249628, 15.212702895274784, 15.245962503280817, 15.188839352783205, 15.198882727716423, 15.239652713930376, 15.090441281506997, 15.210037677358596, 15.244198957231436, 15.238906408464715, 15.299982391227331, 15.18209669243163, 15.219296002389196]
15.210257820853874
nmae
[0.32025416005841384, 0.31851464735548735, 0.31762445640053844, 0.32116950227805036, 0.3219758641730671, 0.3213289172467192, 0.3191500612291023, 0.31776895584937925, 0.31982732873737957, 0.3208117600170936, 0.31931729678001475, 0.3195682066005594, 0.32041753712409315, 0.3171295088918618, 0.31995756159615996, 0.3202644769456414, 0.3200925688892966, 0.32167876500109, 0.31923998785714736, 0.31998437224627063]
0.3198037967638684
rmse
[45.716132385148974, 45.5713536174474, 45.61981360265911, 45.70710758977618, 46.089543074850894, 46.25053542180031, 45.6462876429048, 45.33523316601118, 45.852385384047516, 45.46391329100159, 45.780070812202275, 45.49704335910951, 45.66678905352763, 45.395587893878954, 45.41408675680274, 45.71023135654218, 45.608380752802596, 45.80324183133494, 45.7475420824455, 46.01762012018194]
45.69464495972382
==================================================================================================================================
density = 0.15000000000000002
mae
[13.692384573335803, 13.661179152899111, 13.699627842253673, 13.840958989680473, 13.762225324427934, 13.703626124225519, 13.660342337848622, 13.652361942056805, 13.78312967419839, 13.747065221468299, 13.931479661937905, 13.651341186265501, 13.729369383533172, 13.734873336630239, 13.628567866326929, 13.775103709639241, 13.64051415175209, 13.772327346010936, 13.733198701414475, 13.914414949142898]
13.7357045737524
nmae
[0.2882048228758415, 0.287578215665851, 0.2882157005433144, 0.29088806290203756, 0.28932665046674627, 0.2878839298649569, 0.2873635252925712, 0.28742921994575316, 0.2897861466622991, 0.28941043553324136, 0.2928588491496248, 0.287054042670602, 0.28872703260101623, 0.2886466466081349, 0.2867053898011872, 0.289582526604594, 0.28642816460145953, 0.28954464160943444, 0.28898814320754745, 0.2923841000789826]
0.28885031233425984
rmse
[41.94808403427276, 42.32673616611583, 42.163114984024126, 42.386107626380806, 42.25677414981646, 42.31190861474048, 42.27924152239728, 42.07887415023688, 42.463649385141856, 41.94420586227105, 42.60062142954217, 42.000457331179994, 42.23677269041518, 42.250438108132215, 41.911666813525144, 42.301120661201736, 42.079899839789036, 42.25621768320689, 42.374224358331126, 42.737297672921464]
42.245370654182125
==================================================================================================================================
density = 0.2
mae
[13.157552087880017, 13.080638604773537, 12.925975045843325, 13.125199602010404, 13.187066891727588, 12.971817845511339, 13.130977282916417, 12.99101571429455, 13.136252099381865, 13.127054461814105, 13.14028153258743, 12.963343905872511, 13.227458532192138, 13.09231556142952, 13.203623920185725, 13.062902119352243, 12.999890282987327, 13.147612753143218, 13.276687675548517, 13.40575542147511]
13.117671067046345
nmae
[0.27700615306511556, 0.2756552655321813, 0.2717996057378785, 0.27572894308045115, 0.27721933861637754, 0.27254282760497356, 0.27600051376734297, 0.2737547935876017, 0.27615621202159435, 0.27623430789867126, 0.2762045619017717, 0.27259160436391655, 0.27815044792882054, 0.27517346843939217, 0.2776154987037404, 0.27452117609898513, 0.27306040983046886, 0.27620504033109516, 0.2794868903880248, 0.28171190399067164]
0.2758409481444537
rmse
[40.28490963188226, 40.576273549848295, 40.26963632154756, 40.55175108169665, 40.5410949391713, 40.35470824470318, 40.48771188814297, 40.181299000290565, 40.70242419836927, 40.36800993929412, 40.531787937627925, 40.1865346676105, 40.595726361240125, 40.52722391010843, 40.550154028831905, 40.41578284557386, 40.387516648968514, 40.40167229573743, 40.58131337958335, 41.09170174485695]
40.47936163075425
++++++++++++++++++++++++u:  0.30000000000000004
==================================================================================================================================
density = 0.05
mae
[18.97342429089886, 18.924013507474584, 19.181664000841828, 18.890934103934175, 19.106311998859955, 18.879928219813543, 18.750932319128463, 18.86395635534895, 18.97696704273696, 18.779298446482823, 18.97429651772603, 18.87797214125141, 18.97832055054171, 18.884348263317403, 19.06435237253204, 19.025874583513463, 18.877298643186663, 19.09987596612765, 18.84292365930369, 18.985917833765367]
18.94693054083928
nmae
[0.3992535414487868, 0.3979944603686808, 0.40346823017039335, 0.3973084373284806, 0.4016636593575252, 0.3966488656354484, 0.3941310677123108, 0.39662946281240746, 0.3989801399512209, 0.3949295627889799, 0.39905661036726375, 0.396788676927299, 0.3989462420870112, 0.3968143723738072, 0.4008449231651041, 0.3998766397709942, 0.39684863770761564, 0.4015209574216944, 0.39619500974113414, 0.3990934830568551]
0.39834964900965064
rmse
[53.35171063206765, 53.56187300915187, 54.080919618308215, 53.57410616976675, 53.935094682442866, 53.75911154364677, 53.68062776709798, 53.823436952394644, 53.59094525951574, 53.218267688101044, 53.386566404669935, 53.636704132588406, 54.09797027748385, 53.751173029583605, 53.7644468279509, 54.160598718948485, 53.7151626635213, 53.808979339410335, 53.73387992008918, 54.029186688687524]
53.733038066271355
==================================================================================================================================
density = 0.1
mae
[15.272296016592398, 15.209562731657323, 15.17897561874372, 15.358737357051943, 15.387097786267233, 15.365171512687342, 15.256171100327526, 15.186646066441439, 15.270716560045152, 15.308712066579169, 15.255511875161535, 15.274781884919868, 15.30541018883393, 15.170649020730753, 15.281743195690385, 15.32331204603361, 15.315247707513171, 15.378996373240234, 15.268633755033413, 15.30484153676826]
15.28366072001592
nmae
[0.32127136795325617, 0.3200558630198953, 0.31924703324907056, 0.32298361586362917, 0.32337212937962934, 0.32272149923240734, 0.3208038436175776, 0.31953855100857226, 0.3210469907239116, 0.32213216191613514, 0.32071896343280293, 0.32116404479370286, 0.3218001045980118, 0.31881509518286894, 0.3214659551508045, 0.321926559163006, 0.32169611456834823, 0.32334001659614425, 0.3210596371041422, 0.32178295965218345]
0.3213471253103049
rmse
[45.88349651348461, 45.73864777522041, 45.809649174206754, 45.90597732072146, 46.28015311226754, 46.41628636535844, 45.84920240614861, 45.538196655291195, 46.01110354892248, 45.59645372608981, 45.96810007328577, 45.69257276117609, 45.83954318176776, 45.59363315913154, 45.600107915213535, 45.931918568295714, 45.78647214985201, 45.991186334176874, 45.96289021622654, 46.2308873202543]
45.88132391385457
==================================================================================================================================
density = 0.15000000000000002
mae
[13.72352327543877, 13.688016044430196, 13.721351632388524, 13.874298025702334, 13.775314883679433, 13.733004850562768, 13.677619286089868, 13.671408103554322, 13.794458847670276, 13.780206668683562, 13.87914101545082, 13.683446416543333, 13.752344644013927, 13.757237876041984, 13.661620852680985, 13.801430047007477, 13.667205646366053, 13.800073390095191, 13.764698806779014, 13.940018912428089]
13.757320961280348
nmae
[0.28886024736206617, 0.28814315265219376, 0.2886727302863313, 0.2915887316645598, 0.28960183549279, 0.2885011141865171, 0.28772696894794325, 0.2878302072156063, 0.2900243391195197, 0.2901081466823667, 0.29175861886912313, 0.28772913649591747, 0.2892101996421624, 0.2891166508918234, 0.2874007284038695, 0.2901359632575612, 0.2869886417013469, 0.29012796483350684, 0.28965100094069907, 0.29292211707725074]
0.28930492478615777
rmse
[42.02410549713379, 42.39147667411725, 42.23548420901117, 42.47823007192806, 42.31151865721781, 42.38889834176325, 42.321182894391285, 42.135533758445256, 42.50982330401703, 42.01633404738402, 42.455313964088326, 42.078021182110994, 42.308049081648306, 42.32754708869245, 41.975081814172505, 42.384012949207325, 42.146215606667575, 42.325002265448376, 42.44655289296584, 42.81064709158359]
42.303451569599716
==================================================================================================================================
density = 0.2
mae
[13.162499663989589, 13.08646650813213, 12.930019466590718, 13.136421025906472, 13.20210460294025, 13.024744909370924, 13.138674065233399, 12.994175086175028, 13.139854552061728, 13.142412310274366, 13.140524012131024, 12.97102446990112, 13.246674418574814, 13.090142073433134, 13.202851534514853, 13.094220675037922, 13.005040621994986, 13.162895043295302, 13.278275700835014, 13.413754572956035]
13.12813876566744
nmae
[0.2771103144635243, 0.27577808004425125, 0.2718846493775792, 0.27596467826502286, 0.27753546231476367, 0.2736548453508989, 0.2761622927292643, 0.27382136984430305, 0.2762319444054228, 0.2765574850937209, 0.27620965874508835, 0.27275311032149824, 0.27855452459945856, 0.2751277862048194, 0.2775992587506406, 0.2751793458274268, 0.27316859179582265, 0.2765260906728615, 0.2795203198291646, 0.2818800001645278]
0.276060990440003
rmse
[40.31137527949943, 40.59072274206539, 40.286417268397, 40.582148547884714, 40.54954229414234, 40.43212627170363, 40.50730129423485, 40.19589084490395, 40.731474836135455, 40.40135098805465, 40.53513833411262, 40.21331083592198, 40.63418104298167, 40.53999644498198, 40.56863679749558, 40.47027922897423, 40.40078667047368, 40.43578128525888, 40.59165950445842, 41.129340662683774]
40.505373058718206
++++++++++++++++++++++++u:  0.4
==================================================================================================================================
density = 0.05
mae
[19.08708374908117, 19.018332732369462, 19.268327165221955, 18.974231452655854, 19.198328781483983, 18.990258637851824, 18.843372720705382, 18.954812367905344, 19.069777389518848, 18.875497030697193, 19.066032742532546, 18.974970193289227, 19.068304387011818, 18.981363445475843, 19.167522305263848, 19.123403403200758, 18.959619764901984, 19.19021235488216, 18.93304579826313, 19.085198462229343]
19.041484744227084
nmae
[0.4016452521122228, 0.3999781055927556, 0.4052911081830559, 0.3990603220829419, 0.40359808802346964, 0.39896680003914187, 0.39607409825357615, 0.3985397816646508, 0.40093142568958823, 0.39695262370965106, 0.40098595446099483, 0.3988274408604499, 0.4008378063754696, 0.39885293987331216, 0.4030141625366138, 0.4019264533827785, 0.3985792362230488, 0.40342002490082646, 0.3980899355163759, 0.40118041149300876]
0.40033759854869666
rmse
[53.7632217285629, 53.91520850357966, 54.4701075160776, 53.948342802878905, 54.33367063568464, 54.15338604128194, 54.06813783029769, 54.18947073657839, 53.99076141593142, 53.58496858637258, 53.732319933949924, 54.041395168308235, 54.457574284890285, 54.157641258330166, 54.16016071240534, 54.584595486632814, 54.05462539452571, 54.20299248020703, 54.07159137912944, 54.423567649456096]
54.11518697725404
==================================================================================================================================
density = 0.1
mae
[15.348406866101257, 15.29413348435505, 15.266545245203142, 15.45090154284042, 15.39141072399091, 15.441603145324795, 15.343058212931822, 15.283699962289862, 15.339480405248272, 15.383591064106533, 15.332588705531878, 15.362266326568434, 15.385408037975301, 15.264722907264241, 15.366918088242183, 15.413375883265092, 15.404399810338736, 15.470902037204667, 15.365262875886057, 15.400610648550837]
15.365464298660973
nmae
[0.3228724524733067, 0.3218354911208778, 0.32108881389040567, 0.32492176489808877, 0.32346276920495315, 0.32432682664793094, 0.3226308891784191, 0.3215806385842926, 0.32249266129780124, 0.32370779631638374, 0.3223393614465405, 0.32300347250848493, 0.3234820795273796, 0.3207920821297301, 0.32325768976107805, 0.32381870500835885, 0.32356875062571433, 0.3252723129690888, 0.32309149607544113, 0.32379649688212625]
0.32306712752732014
rmse
[46.07255565505276, 45.93142076869246, 46.01998858293248, 46.11894310164936, 46.373910342731676, 46.6051578145625, 46.07438572089094, 45.77395267783057, 46.193976936423404, 45.75656009151917, 46.18327979685964, 45.9163896548965, 46.04626071867118, 45.82163582060928, 45.81365948295596, 46.18098650109974, 45.997537849509314, 46.21113377470647, 46.209456043465025, 46.46867516804905]
46.08849332515537
==================================================================================================================================
density = 0.15000000000000002
mae
[13.765168448793554, 13.721081781982111, 13.750035272678634, 13.913259821751776, 13.794738621877753, 13.771796621670486, 13.701741554216545, 13.697143481474834, 13.816912339536994, 13.827457769723894, 13.889463251490994, 13.723445603472225, 13.78240164276907, 13.785524987904713, 13.704182516549354, 13.83237300569393, 13.700405908197808, 13.832203736252058, 13.80264173080683, 13.973455534288846]
13.789271681556622
nmae
[0.28973681781961247, 0.28883921158667, 0.2892761828454474, 0.2924075709797009, 0.29001018552194463, 0.28931604648339065, 0.2882344130394232, 0.28837202552016755, 0.2904964170177165, 0.29110290167270103, 0.2919756064569984, 0.28857022076410843, 0.28984229481106893, 0.28971112160744555, 0.28829610189796334, 0.29078645129350783, 0.2876857921133449, 0.2908034621063386, 0.2904494351147808, 0.29362472201092354]
0.28997684903316273
rmse
[42.119227857497336, 42.46903732085003, 42.321706465668015, 42.582887020981325, 42.378516908511614, 42.47979111624353, 42.376265325101905, 42.20352973031983, 42.58024603190284, 42.111268885153905, 42.46829432610757, 42.169835112746135, 42.39168860783637, 42.415582887329734, 42.05457081505305, 42.478041184136174, 42.22549149836716, 42.40270434048026, 42.53239460895807, 42.90010394862003]
42.38305919959324
==================================================================================================================================
density = 0.2
mae
[13.169334790664847, 13.095946666464606, 12.938130606383668, 13.151310972918022, 13.2093893648203, 13.112003003431264, 13.146489891513335, 13.0023148035774, 13.146975070233637, 13.162558987983918, 13.143631629938426, 12.98192813238496, 13.267883492218724, 13.092643873824754, 13.19870809005087, 13.135665013688566, 13.013793622281934, 13.181426825895095, 13.281753357671295, 13.424646166697046]
13.142826718132136
nmae
[0.2772542144939692, 0.2759778604709861, 0.2720552055321432, 0.27627748031577337, 0.2776886030311145, 0.2754881711013723, 0.27632657388079634, 0.2739928950511347, 0.27638163514758496, 0.276981434243147, 0.27627497988854505, 0.27298239119775164, 0.27900051453167807, 0.27518036888875147, 0.27751213991052726, 0.27605031220879195, 0.27335244702794936, 0.2769154063498964, 0.27959352780985686, 0.282108878844901]
0.27636975199633357
rmse
[40.340278425495654, 40.61339333183006, 40.3104646641801, 40.62015023017941, 40.54713812281668, 40.55228014604004, 40.53020575692618, 40.218565494540805, 40.76814366363745, 40.44408040234519, 40.54447865471874, 40.24715887294656, 40.676659739039756, 40.56118433191895, 40.58730279638452, 40.54273803267274, 40.42110303707252, 40.47751585635636, 40.609525212704185, 41.17781470886886]
40.53950907403374
++++++++++++++++++++++++u:  0.5
==================================================================================================================================
density = 0.05
mae
[19.227416140009073, 19.138307602547812, 19.381378986152612, 19.085563870218564, 19.313957720114406, 19.122841278008657, 18.962618344251858, 19.07040364856635, 19.188641201866428, 19.000636882902633, 19.184367758591286, 19.096702061222665, 19.182292774291373, 19.10708133914051, 19.29825047052436, 19.24388372691984, 19.073109492819974, 19.30860905092706, 19.04926924225801, 19.20756801356428]
19.16214498024489
nmae
[0.4045982353586269, 0.4025013194815839, 0.40766904672407256, 0.4014018319628917, 0.40602890474103887, 0.40175223191202214, 0.39858055521947583, 0.4009701789095731, 0.4034304709995564, 0.39958432090855406, 0.4034747092009685, 0.4013860751489099, 0.40323397407775025, 0.40149463374461225, 0.4057628381976274, 0.4044586506174357, 0.40096507779759627, 0.40590898110325524, 0.40053367245222893, 0.4037526806290055]
0.4028744194593393
rmse
[54.248713456600086, 54.34055268131503, 54.93242745956334, 54.40602970591612, 54.806083000184316, 54.613430008449434, 54.530702722423136, 54.62162746779503, 54.46982541223863, 54.03906877342807, 54.14897228746401, 54.51795186868579, 54.88617131200226, 54.64048608358061, 54.62844515367491, 55.076767265434505, 54.47578246731221, 54.68029572767715, 54.48083733661884, 54.88668213991674]
54.57154261651401
==================================================================================================================================
density = 0.1
mae
[15.439699472751263, 15.389760054578787, 15.364558231424947, 15.527144791787684, 15.483033799056555, 15.52756601087962, 15.434177120358376, 15.39475365233594, 15.420071574383545, 15.469743299019843, 15.421974792788737, 15.462579522839649, 15.478056500629139, 15.368638292439929, 15.46409357492661, 15.513302989774987, 15.503800706908667, 15.574161406289038, 15.468429336215985, 15.506060140632583]
15.460580263501095
nmae
[0.32479290376567305, 0.3238477675420064, 0.3231502412131134, 0.3265251076506668, 0.3253883011860867, 0.32613234276776465, 0.32454692011019365, 0.32391729244757667, 0.32418698600274, 0.32552064677472625, 0.32421853885369195, 0.3251126346623782, 0.32543003679249105, 0.3229758907044641, 0.32530186824544516, 0.32591806769634724, 0.32565666215165523, 0.3274433184952715, 0.3252608182850283, 0.3260135632643143]
0.3250669954305817
rmse
[46.28742329663238, 46.148942934223605, 46.25213224370266, 46.332124427566264, 46.616381907965106, 46.816964593466366, 46.313176184450064, 46.04574319148678, 46.402489919536954, 45.947051946261766, 46.42817333938391, 46.17196587523899, 46.28295005498082, 46.07441985849671, 46.053793701140535, 46.454383446167306, 46.2357035530341, 46.46170909212971, 46.475792484271764, 46.73126613418848]
46.32662940921621
==================================================================================================================================
density = 0.15000000000000002
mae
[13.899248126862485, 13.76037152597526, 13.786011010433107, 13.94360731302546, 13.830560612496141, 13.825243696947572, 13.732732610117337, 13.729845086846083, 13.849126224158132, 13.942680543436552, 13.911772734912121, 13.771156673738172, 13.818179547026539, 13.82018890216915, 13.758656307244248, 13.868762321496835, 13.740039805737746, 13.86863608772432, 13.84695027411668, 14.015096450398381]
13.835943292743119
nmae
[0.29255900044690714, 0.2896662905924467, 0.29003304811061087, 0.2930453680396532, 0.2907632800480365, 0.29043885543418035, 0.2888863512453579, 0.28906050689523843, 0.2911737042314368, 0.29352863200759843, 0.29244458245943145, 0.28957346692235114, 0.2905946999536774, 0.29043960467135976, 0.28944207185961396, 0.29155143355670804, 0.28851803820041105, 0.29156940324940045, 0.29138182122072315, 0.29449972407372327]
0.29095849416094327
rmse
[42.39559375952891, 42.55943667521478, 42.42221135004286, 42.66748314625545, 42.47235559433499, 42.590461272439335, 42.44584912798862, 42.28339041766173, 42.669569323779065, 42.29517483972202, 42.54394371446237, 42.27613942877788, 42.48818323417592, 42.515759836277226, 42.15313157378168, 42.58366648486308, 42.317793214539655, 42.490653547025175, 42.631346248345245, 43.00554828624267]
42.490384553772934
==================================================================================================================================
density = 0.2
mae
[13.178383903806063, 13.10895079195984, 12.950196388706916, 13.168610492160635, 13.20365967930589, 13.075826776483936, 13.154999266446243, 13.015235253902096, 13.157553019604554, 13.18865181093786, 13.149548515639035, 12.996323785335758, 13.289677576513386, 13.099957940983472, 13.189687216148407, 13.178290433664609, 13.026036665176592, 13.203231566040209, 13.287432674506425, 13.439355351173264]
13.15308045542476
nmae
[0.27744472561664285, 0.2762519033350015, 0.27230891752421704, 0.2766409016961107, 0.27756815322663364, 0.2747280948112388, 0.27650543275799333, 0.2742651628467779, 0.27660400956664516, 0.2775305088973865, 0.276399350954622, 0.27328510122089206, 0.2794588062204409, 0.2753340954941804, 0.27732246967890645, 0.27694609940191506, 0.2736096099914524, 0.2773734803169556, 0.2797130828254276, 0.2824179813336953]
0.2765853943858568
rmse
[40.373430594642734, 40.64421414438285, 40.34223519679293, 40.66480012209398, 40.54131754898776, 40.54566923653475, 40.55712059657624, 40.249317676249795, 40.81136419602365, 40.49757710187468, 40.55959668984601, 40.28929843925465, 40.72138972255906, 40.59107018339177, 40.60274044588976, 40.62763443655649, 40.44838121884566, 40.52677542843489, 40.63520471306695, 41.23274154315784]
40.573093961758126
++++++++++++++++++++++++u:  0.6
==================================================================================================================================
density = 0.05
mae
[19.39472953212393, 19.28436849952335, 19.51972407720019, 19.226782197831486, 19.452447112736362, 19.278750900053417, 19.10972555768644, 19.210211195842312, 19.33806044843699, 19.15652923215685, 19.329604416169413, 19.243111691332494, 19.319804739696952, 19.26300195518188, 19.453645141624317, 19.387120222799524, 19.21327295956816, 19.456351996668893, 19.19135628359771, 19.352992582563015]
19.30907953713968
nmae
[0.4081189738035953, 0.4055731534691143, 0.4105790053718353, 0.40437189330328605, 0.4089403068068093, 0.40502774090790944, 0.40167264270144104, 0.4039097421342018, 0.4065719272593409, 0.4028627446211633, 0.4065292439617199, 0.4044634016215849, 0.406124634591912, 0.4047709735225001, 0.4090301490288663, 0.4074691260840706, 0.4039116689326298, 0.409014859336798, 0.4035212224601533, 0.4068095777604431]
0.4059636493839688
rmse
[54.809822025745696, 54.83809132411261, 55.468787095416644, 54.947110780602365, 55.35017139133157, 55.138247058368236, 55.07048686964054, 55.1181589811952, 55.03064095706853, 54.58168744009504, 54.63928962229404, 55.06579177004379, 55.38238751124041, 55.20216749000738, 55.16539769382877, 55.63487224057652, 54.970029278102494, 55.23849752251559, 54.96241973850359, 55.418827166140545]
55.10164419784147
==================================================================================================================================
density = 0.1
mae
[15.544614175266389, 15.495769123377768, 15.4727870384126, 15.636416463386224, 15.588729071633969, 15.623177991939901, 15.52365324311147, 15.52345644232162, 15.51268332286005, 15.566254991831878, 15.522126760923397, 15.576138439008686, 15.58290253532304, 15.47482558532056, 15.572742536762808, 15.622527120917335, 15.612846343846384, 15.687735544652684, 15.579854980918741, 15.620879999111517]
15.567006085546353
nmae
[0.3269999124537461, 0.32607852358680534, 0.3254265295747752, 0.3288230152705373, 0.32760957161885296, 0.32814052353209106, 0.3264284068805258, 0.3266252967589211, 0.32613402778281303, 0.32755148517057003, 0.32632404902396694, 0.327500298271195, 0.32763445108226935, 0.32520744400456925, 0.32758740215643684, 0.3282127510265954, 0.3279471610311664, 0.3298311897771253, 0.3276038096506158, 0.32842764078347286]
0.3273046744718525
rmse
[46.52951301222824, 46.39026411454014, 46.50664166877974, 46.60190545079355, 46.8908767228982, 47.05206244389324, 46.55976570009527, 46.3662860896843, 46.63765309169968, 46.16765414448265, 46.703595109893975, 46.459035049294705, 46.54771280078399, 46.33963573380499, 46.31953151181035, 46.75232345057587, 46.497586519287545, 46.741409162167905, 46.758298740747996, 47.01904696908112]
46.59203987432718
==================================================================================================================================
density = 0.15000000000000002
mae
[13.944291349792111, 13.806446373480796, 13.82860113965993, 13.972329374594652, 13.879390083499672, 13.921219350071544, 13.770750870300596, 13.769797542071917, 13.888564443807498, 13.861283692253744, 13.941759190911755, 13.82581436930503, 13.860316056758721, 13.861438715196263, 13.829123870485072, 13.911745666626542, 13.78593012922332, 13.909687869161285, 13.897280430750307, 14.06476905999488]
13.87652697889728
nmae
[0.2935070949162569, 0.2906362011897985, 0.29092906835821786, 0.2936490043092675, 0.29178983403596154, 0.29245509901396105, 0.28968611606834344, 0.289901643622291, 0.29200288091144766, 0.29181502275556237, 0.2930749389762716, 0.29072278348117475, 0.29148082582583357, 0.2913064943696968, 0.29092450423148614, 0.29245503660369404, 0.2894816588515617, 0.2924324616886146, 0.2924409203300515, 0.29554349639965505]
0.2918117542969573
rmse
[42.50408348938066, 42.66282910228295, 42.536653083134944, 42.7545860242077, 42.65199325562614, 42.754239316194784, 42.53001607401005, 42.37569696934929, 42.774853842888696, 42.279275647961605, 42.63906449645507, 42.39684330790587, 42.598234293310995, 42.62886713322196, 42.27644808577073, 42.702182982484416, 42.42350414108195, 42.589922058058214, 42.743441286137426, 43.12686478262758]
42.597479968604546
==================================================================================================================================
density = 0.2
mae
[13.191385111633549, 13.1255107548878, 12.965956430957439, 13.18842136748601, 13.194589669046504, 13.071475959340562, 13.165290998841122, 13.032728758130846, 13.171057640186568, 13.222400332725469, 13.158185535390354, 13.013943749391508, 13.310723727698067, 13.111956076469944, 13.174711046553854, 13.204983310126007, 13.04179662419845, 13.228291728420087, 13.295399815333345, 13.457791071403088]
13.166329985411029
nmae
[0.27771844025151093, 0.2766008802554742, 0.2726403101854989, 0.2770570806404772, 0.277377482908056, 0.2746366824879415, 0.27672175507485836, 0.2746337968893028, 0.27688790978692895, 0.2782406834141239, 0.2765808983781406, 0.27365561166215374, 0.2799013701766952, 0.2755862715543378, 0.27700758515812673, 0.27750705896302147, 0.2739406451598839, 0.27789994419224606, 0.27988079870979693, 0.28280539417870837]
0.27686403000136417
rmse
[40.41299839867547, 40.68308612600865, 40.38192610037045, 40.715181766909424, 40.54781997472197, 40.55812005197041, 40.589971207832264, 40.28838865482113, 40.86023205180664, 40.56314155656581, 40.5799121715974, 40.339046045768924, 40.766352509066095, 40.62985084236408, 40.61452007880417, 40.70675596409065, 40.48275270026977, 40.58341653990271, 40.66859444624678, 41.293441603131726]
40.61327543954623
++++++++++++++++++++++++u:  0.7000000000000001
==================================================================================================================================
density = 0.05
mae
[19.582521692252723, 19.456410599807995, 19.680608156351404, 19.39859655417133, 19.61771144063959, 19.458516745520384, 19.28598700648973, 19.373757944800314, 19.517878340717427, 19.34062178906029, 19.499628956240905, 19.414526622119475, 19.481373566095627, 19.44825334425244, 19.63117603774866, 19.551907474153797, 19.37674922431218, 19.632896741097472, 19.359574228168402, 19.521216048041218]
19.481495625602065
nmae
[0.4120706424026949, 0.40919140299300294, 0.41396305039915327, 0.407985441106291, 0.41241458665269654, 0.40880444587491455, 0.40537753117477265, 0.40734844067452863, 0.41035249807796603, 0.40673422007685034, 0.41010510336587735, 0.40806630468149174, 0.4095209981404411, 0.40866363704789177, 0.4127628936312439, 0.41093254491716563, 0.40734835413783044, 0.4127262140564016, 0.40705820596615566, 0.4103457190920036]
0.4095886117234687
rmse
[55.44174861941648, 55.40787611139785, 56.07682419028976, 55.5718549239863, 55.96638545386627, 55.728495811990555, 55.68906268031058, 55.67791125501861, 55.673513790297775, 55.20777728681687, 55.20326493596334, 55.68342254043366, 55.94633060326984, 55.842235042372465, 55.765918900597626, 56.256156726269445, 55.53262782470967, 55.87613268462762, 55.51793693099202, 56.02041732003255]
55.70429468163296
==================================================================================================================================
density = 0.1
mae
[15.661803877168811, 15.610697461362705, 15.589744583656516, 15.75840669432112, 15.70648369732238, 15.727787770913913, 15.61625754679921, 15.68286948666197, 15.616752594457303, 15.672457868091072, 15.633474786562129, 15.701336417857645, 15.69865342505166, 15.586918157991576, 15.692494019596609, 15.742997286201831, 15.732787782758013, 15.811098926307283, 15.700118756335414, 15.745145878526188]
15.684414350897168
nmae
[0.3294651407206237, 0.32849696841971626, 0.3278864023799668, 0.3313883853899307, 0.33008427897316295, 0.3303376890292017, 0.3283756724403568, 0.329979468112986, 0.32832194911196305, 0.32978624940039536, 0.32866493562648647, 0.3301326821304254, 0.3300681426960464, 0.32756309827991165, 0.33010648812175714, 0.3307437016249601, 0.3304665257590826, 0.33242487774631946, 0.33013264390727104, 0.3310403200696824]
0.32977328099701236
rmse
[46.797933256610314, 46.65249044332003, 46.78437130397418, 46.905212385689346, 47.19481012047194, 47.310636206721, 46.82295008282683, 46.78036604786822, 46.90124377271512, 46.415697780710694, 47.00990724756454, 46.775670418551236, 46.83970212275291, 46.62531232477582, 46.610005895598874, 47.07596282014094, 46.78966996657531, 47.05003376673601, 47.061102348894, 47.331998936499815]
46.88675386244985
==================================================================================================================================
density = 0.15000000000000002
mae
[13.977737847227914, 13.85814930112025, 13.877362774451807, 14.020254506317825, 13.91296822135468, 14.015193940444526, 13.815579458617472, 13.816464173724958, 13.93497630525737, 13.911228765709973, 13.978107440930367, 13.886994450376362, 13.908441267625259, 13.909227117536792, 13.917223908430428, 13.96228830674727, 13.838367865934334, 13.955737261914333, 13.953183350666384, 14.12356830706913]
13.928652728572871
nmae
[0.2942110951448274, 0.2917245871562544, 0.29195492605982865, 0.29465622127607394, 0.29249575549310086, 0.29442930453728583, 0.2906291452292551, 0.29088413687807035, 0.2929786763082043, 0.2928664926677829, 0.2938390291466888, 0.2920092497237817, 0.29249289338251677, 0.29231079646584834, 0.2927778725360922, 0.2935175524101765, 0.2905827643168612, 0.2934005881777715, 0.2936172872768694, 0.29677904708604486]
0.2929078710636667
rmse
[42.58704255733516, 42.77912211830861, 42.66471401329416, 42.88216068890654, 42.74408492423681, 42.99316091255873, 42.62867988964511, 42.47990442508226, 42.89529144420994, 42.40255463112575, 42.7482183872026, 42.53204799317543, 42.721532595479985, 42.755601760155976, 42.43297753130929, 42.83643327992535, 42.54334910011848, 42.7011808413973, 42.868701132385546, 43.267436725955534]
42.72320974759044
==================================================================================================================================
density = 0.2
mae
[13.208817497494369, 13.145538920449034, 12.985868922393452, 13.210615740595827, 13.191343819216359, 13.08893429864873, 13.178550351300974, 13.054750830544677, 13.18754438673357, 13.268096598537085, 13.168912961742217, 13.034921246701966, 13.331308471293, 13.12841997674353, 13.162286292074908, 13.214759023553446, 13.061110662173546, 13.256183226524925, 13.305672485786323, 13.479919190072863]
13.183177745129038
nmae
[0.27808544454788764, 0.2770229444575912, 0.2730590180433102, 0.27752333115288585, 0.277309248451482, 0.2750034888382158, 0.27700045391138, 0.2750978597478663, 0.27723450160326557, 0.27920227585641505, 0.27680638548726394, 0.27409672390054823, 0.2803342315338105, 0.27593230877907976, 0.2767463459383644, 0.27771249878969917, 0.27434633313187107, 0.2784858887666403, 0.280097048183389, 0.283270400009876]
0.2772183365565421
rmse
[40.460858577919275, 40.7298779523673, 40.42982489900614, 40.769244891467686, 40.57056701755223, 40.585753510705054, 40.630582641882036, 40.33592854326498, 40.91442491366299, 40.647387082154005, 40.60388036653651, 40.396414520819235, 40.81082663761887, 40.67747123316085, 40.62640474660289, 40.758537895034955, 40.52457598286704, 40.64737817889047, 40.71016200345724, 41.361823652188775]
40.65959626235794
++++++++++++++++++++++++u:  0.8
==================================================================================================================================
density = 0.05
mae
[19.796436788289547, 19.653405475971038, 19.863404507611634, 19.602166706163313, 19.818061628598183, 19.662722141492008, 19.49249973223675, 19.561166898307157, 19.71805419240925, 19.55068172561086, 19.694206695262523, 19.61062222418437, 19.666474563672597, 19.66207533681654, 19.829941060485808, 19.73768769749188, 19.565076771426842, 19.84025371080872, 19.55300084341748, 19.713428780624884]
19.67956837404407
nmae
[0.4165720101238093, 0.41333443900399175, 0.4178079994255429, 0.4122668672406298, 0.4166264612234258, 0.41309460194572944, 0.409718279661813, 0.41128886076220433, 0.41456108363028304, 0.4111517907937658, 0.41419735168266497, 0.41218796107087524, 0.41341203513674585, 0.41315665097646115, 0.41694210458528486, 0.414837183892801, 0.41130747625206604, 0.4170853088041463, 0.4111252319276478, 0.4143861268092574]
0.4137529912474573
rmse
[56.14297250851835, 56.04805122277122, 56.754209915960715, 56.28190015990903, 56.67194695882471, 56.38552082897294, 56.38709187413167, 56.29950620911655, 56.389325111904085, 55.91266683388591, 55.84098733109753, 56.36800208691695, 56.5763601503508, 56.55717633619169, 56.42905585683442, 56.938749597536045, 56.16325828139956, 56.59484416538366, 56.14704003421837, 56.69684636208873]
56.37927559130064
==================================================================================================================================
density = 0.1
mae
[15.786205662091874, 15.73473071655322, 15.716006337088064, 15.892536942240593, 15.835084475307397, 15.84175374647483, 15.721094043886032, 15.85365636215406, 15.729674460453122, 15.787142848395623, 15.755726926955006, 15.837450893360037, 15.824640615299156, 15.711700502849201, 15.822049243514181, 15.87503249552679, 15.86233259325697, 15.943571317991466, 15.829553894902293, 15.875334876800398]
15.811763947755017
nmae
[0.3320820839474075, 0.33110700864464265, 0.33054196301912303, 0.3342090516636348, 0.3327869268665173, 0.3327313668650874, 0.3305801542199387, 0.3335729535005606, 0.3306959847456111, 0.33219949752238903, 0.3312350611040906, 0.3329945937332667, 0.3327170551067201, 0.3301854313850123, 0.3328318050746807, 0.3335176215515828, 0.3331876088911277, 0.33521008064813085, 0.33285432806601956, 0.33377753241377534]
0.332450905448466
rmse
[47.08687430107268, 46.93561466790591, 47.08655072106592, 47.242086431130105, 47.52638608919214, 47.593595025741486, 47.113436984174676, 47.26460326978135, 47.217756044111354, 46.68949142528314, 47.347554874505725, 47.12010443848318, 47.15908411267952, 46.9440857490508, 46.9238068215613, 47.420577012828055, 47.10982137632242, 47.38581098672475, 47.38460456423235, 47.66345027997788]
47.210764758791235
==================================================================================================================================
density = 0.15000000000000002
mae
[14.018266228512196, 13.915520263887574, 13.932514777328391, 14.068089674006325, 13.959959919355086, 14.042861180124207, 13.866350912763215, 13.869636862741384, 13.987376339195338, 13.968227635876898, 14.021501133945083, 13.954215638739267, 13.962224842107348, 13.963379949352758, 14.010277717893963, 14.026026113223429, 13.896745044884426, 14.006732086215218, 14.01441682811528, 14.190170377931521]
13.983724676309944
nmae
[0.2950641587501418, 0.29293228957483786, 0.2931152256919409, 0.2956615475166817, 0.2934836735268268, 0.2950105341779152, 0.2916971905012338, 0.2920036050397903, 0.2940803712264697, 0.2940664628122579, 0.29475122421175154, 0.29342274555612585, 0.2936239556643368, 0.2934488508857843, 0.2947354537710689, 0.2948574592035232, 0.2918085882143525, 0.2944726857074902, 0.2949058253177757, 0.29817855878838173]
0.2940660203069344
rmse
[42.68468941872412, 42.90837742061489, 42.80681983930475, 43.01464805710837, 42.86078249039604, 43.10248173233968, 42.7416766942698, 42.595550527744486, 43.02971106108807, 42.53903164025587, 42.87073617965058, 42.68126421653304, 42.85727922139394, 42.89630255210623, 42.621465682256876, 42.99329290971519, 42.677256676041104, 42.824624237202634, 43.0071968857962, 43.42467494993023]
42.85689311962361
==================================================================================================================================
density = 0.2
mae
[13.231084352279712, 13.168726690973356, 13.010109503642541, 13.23598598037182, 13.196330375981614, 13.108535834693479, 13.195708484303386, 13.08084012772214, 13.20716291779476, 13.335554911473057, 13.18176643095881, 13.059064123969696, 13.35141973134756, 13.149096671058668, 13.161968184468474, 13.22104285469041, 13.083910615518786, 13.286709712148932, 13.318720934928674, 13.505475123669811]
13.204460678099784
nmae
[0.27855422899531, 0.2775115926982549, 0.2735687343628135, 0.2780562990018518, 0.2774140761572779, 0.2754153245672293, 0.2773611013652535, 0.2756476297058692, 0.27764693120512596, 0.2806218098760298, 0.2770765613449944, 0.27460439736012454, 0.2807571363555474, 0.2763668902451208, 0.27673965750174007, 0.2778445555637885, 0.27482524214333515, 0.27912718915715645, 0.28037173043579283, 0.2838074388029546]
0.2776659263422785
rmse
[40.518627055590834, 40.78398650571414, 40.48618152693964, 40.82457351584942, 40.60726984747239, 40.6377964316013, 40.68133389734694, 40.39199227664401, 40.97324451284695, 40.77401798076116, 40.63274714583846, 40.46133161712441, 40.85540338294978, 40.73338224086253, 40.64994925793092, 40.77242539465149, 40.57393377154531, 40.71856713098146, 40.76041657091666, 41.43802950262281]
40.71376047830953
++++++++++++++++++++++++u:  0.9
==================================================================================================================================
density = 0.05
mae
[20.037407919803062, 19.873744801518793, 20.066604247842907, 19.836991734910054, 20.039558687164167, 19.89089252318685, 19.738435195185428, 19.771505302430384, 19.931456309265076, 19.785578780360026, 19.91223565807076, 19.83004055479952, 19.872376116826423, 19.905145902693743, 20.049120934410933, 19.94556539055381, 19.796923225314853, 20.078888783793268, 19.770602394913865, 19.87704951757415]
19.900506199030904
nmae
[0.42164271197333475, 0.41796843648738713, 0.42208211451579775, 0.4172056365308976, 0.42128289722666123, 0.4178882389774575, 0.4148876656395652, 0.41571139051496, 0.41904774402534395, 0.4160916873184883, 0.4187828127973294, 0.4167998287252477, 0.41774032386239146, 0.4182642614005111, 0.4215505558982935, 0.4192062568108461, 0.41618147602935973, 0.42210193734922563, 0.4157005648416688, 0.41782551648644645]
0.4183981028705607
rmse
[56.91371895869875, 56.754588999257635, 57.50053575701748, 57.07813956430863, 57.43742869272051, 57.1127703190607, 57.159964384618014, 56.98045470930084, 57.16984470066393, 56.69344105183153, 56.54844048926067, 57.11619827673314, 57.26770658345776, 57.34387478441671, 57.151294979982644, 57.684026356575885, 56.884106090037896, 57.39600948172994, 56.84669667884597, 57.36435204535075]
57.12017964519347
==================================================================================================================================
density = 0.1
mae
[15.918312580470028, 15.8733356255518, 15.852518437723885, 16.038484286219603, 15.974935653265685, 15.964873087025929, 15.839750083884056, 16.023393539966484, 15.85614054630343, 15.91063633184463, 15.890268126239125, 15.983911603390094, 15.96075146342982, 15.84960295448305, 15.960595664912168, 15.993462646545499, 16.00166287645043, 16.083724679693436, 15.968778256400741, 16.007548450592402]
15.947634344719617
nmae
[0.33486111405115404, 0.3340236811717233, 0.3334131108636962, 0.3372782232881102, 0.33572601088618104, 0.3353172968779316, 0.3330752307007596, 0.3371443524528491, 0.3333547700181441, 0.33479809775949393, 0.3340635413495594, 0.33607404287964365, 0.33557881997450045, 0.333083486912071, 0.3357462603902228, 0.33600571361053666, 0.33611423545316854, 0.338156774255366, 0.33578185411032013, 0.3365573112817091]
0.33530769641435704
rmse
[47.395306066191594, 47.253084258488, 47.414480694323856, 47.61134252682722, 47.88565875594423, 47.90139664738611, 47.431820090166745, 47.71096668075524, 47.53304920925856, 46.9895519699906, 47.71650308292115, 47.49190524032872, 47.5065680402134, 47.29708964114826, 47.257343612047634, 47.74440751755086, 47.45723354744328, 47.746622166818234, 47.73246077113677, 48.01107436911462]
47.55439324440275
==================================================================================================================================
density = 0.15000000000000002
mae
[14.067712561404164, 13.978524054606723, 13.99340988152879, 14.119431915701666, 14.014850431325662, 14.087195987335944, 13.923679912308843, 13.928618970692522, 14.045117213686128, 14.030631258415085, 14.068761661367786, 14.026442365698092, 14.021548200187008, 14.023789328618696, 14.088592799563662, 14.176892907807916, 13.960712402059977, 14.062898371080657, 14.080529987871106, 14.262438605548677]
14.048088940840454
nmae
[0.2961049322937611, 0.29425856730770494, 0.2943963499180052, 0.2967405800636997, 0.29463765027088307, 0.29594191382985685, 0.2929031824890981, 0.29324538147020607, 0.2952943557074342, 0.2953802166416516, 0.2957447054504337, 0.2949414955221186, 0.2948715189473825, 0.2947183904236764, 0.2963829750834806, 0.2980290061099861, 0.2931517965792546, 0.2956535062335582, 0.29629704667085005, 0.299697133645706]
0.2954195352329374
rmse
[42.80255272494982, 43.05061333061319, 42.962994674375196, 43.15265373495636, 42.99471575758627, 43.22218616698553, 42.86896110136431, 42.72338368251139, 43.17789260558495, 42.68671483532038, 42.99810131293751, 42.84368256663365, 43.004640231298595, 43.05113047403803, 42.81324581300415, 43.30788360949141, 42.82508408444962, 42.96069764710328, 43.15871146191189, 43.59645713957075]
43.01011514773432
==================================================================================================================================
density = 0.2
mae
[13.258626142660793, 13.194896114044038, 13.038795059156692, 13.263322970585023, 13.208953340584845, 13.101192230032169, 13.217434928958204, 13.11042145093138, 13.230784296129878, 13.230740408533448, 13.196912293724148, 13.086097023478255, 13.371267521850116, 13.173475445543158, 13.174662676572442, 13.217415449199814, 13.11014493420655, 13.320190527500243, 13.335267358053866, 13.534089669537199]
13.218734492064112
nmae
[0.2791340667456022, 0.27806307489139037, 0.27417191691975534, 0.27863058355729065, 0.2776794369025761, 0.27526103263967966, 0.2778177703364861, 0.2762709858165298, 0.2781435104664255, 0.2784161847099661, 0.27739492259009785, 0.2751728418526222, 0.28117450087082807, 0.27687928180028326, 0.2770065681451768, 0.2777683244466625, 0.2753762893950092, 0.2798305541046992, 0.28072004836412834, 0.284408752040791]
0.2779660323298
rmse
[40.588312964056485, 40.84568773606734, 40.55165672870179, 40.87447566204112, 40.65593994256115, 40.67335928636679, 40.74248353502681, 40.45625795177652, 41.036445877617865, 40.604886451173215, 40.666623067585824, 40.534006299141524, 40.89997222609528, 40.797123730177425, 40.69061264621109, 40.74515438893174, 40.63104816072877, 40.79694749203591, 40.81957212105906, 41.52170367934632]
40.756613497335096
