Parameter setting:
----------------------------------------------------------------------------------------------------------------------------------
currentDate:2019-06-13 21:47:51
dataPath:..\DataSet\rtData.txt
program path:D:\PycharmProject\cythonPaper\cUIPCC
outPath:C:\Users\Administrator\Desktop\实验数据201906\UIPCC\2019-06-13UIPCC_参数分析topK分析rt.txt
parallelMode:True
threadNum:3
metrics:['MAE', 'NMAE', 'RMSE']
density:[0.05 0.1  0.15 0.2 ]
rounds:20
topK:[ 5 10 15 20 25 30 35 40 45 50]
lambda:0.8
numUser:339
numService:5825
method:mainUIPCC.py
saveData:True
----------------------------------------------------------------------------------------------------------------------------------
数据集:  (339, 5825)
+++++++++++++++topK: 5
==================================================================================================================================
density = 0.05
mae
[0.604482385648628, 0.6077390924461317, 0.6095620642877625, 0.6027588101015728, 0.6048785287821413, 0.6027222552591143, 0.6053041015844186, 0.6058027583193336, 0.603164825333469, 0.6040273244108816, 0.6029230618326944, 0.6072772714845762, 0.5996560326913258, 0.6083238589832801, 0.5984209624465154, 0.5995161591102328, 0.6032079895020603, 0.6008397132686274, 0.6019116301679572, 0.6087749945584355]
0.6040646910109578
nmae
[0.6651325502955348, 0.6687532915197267, 0.6714411269337714, 0.663857471522915, 0.6662867447720535, 0.6633009961659478, 0.6663308580274954, 0.6667140478984673, 0.6636252513711072, 0.6648620913444758, 0.6636870862002395, 0.6684114852811076, 0.6602486626896964, 0.6697682691841967, 0.6582931812953291, 0.6598591754609271, 0.6639740879977366, 0.6612794203310007, 0.6624022241934685, 0.6701801950411702]
0.6649204108763185
rmse
[1.3795138120985369, 1.3801924069184162, 1.378688130004615, 1.3747031948622224, 1.3863116819216987, 1.3759236024310535, 1.3819712429678428, 1.3753180742506161, 1.381130788914903, 1.3761539319773592, 1.3744052976815244, 1.3761838354561773, 1.377887061660594, 1.3770876888759882, 1.3805358765391071, 1.3756560029707372, 1.3788717338600094, 1.371913683878764, 1.375875431984186, 1.3773562703542162]
1.3777839874804285
==================================================================================================================================
density = 0.1
mae
[0.5335782836527968, 0.5364829275812223, 0.5372380818101999, 0.5374511355678534, 0.5336834076892738, 0.5375285155856143, 0.5355465815480955, 0.5406448532555448, 0.5297520605987882, 0.5365940914861691, 0.5360465765541136, 0.5356316370311277, 0.532803229979055, 0.538306965429176, 0.5365480444912498, 0.5392863484061707, 0.5351294982682732, 0.5327239192151916, 0.5310881335999514, 0.5381346076428803]
0.5357099449696372
nmae
[0.5872268989250566, 0.5901882598317458, 0.5913878539160455, 0.59200154961964, 0.588001241185439, 0.5915541153258457, 0.5895440314339759, 0.5952658066533444, 0.5826570420280833, 0.5903878725132231, 0.5898798910791735, 0.5892605532823769, 0.586726858271738, 0.5923337054183885, 0.5905918686766248, 0.5933106026521752, 0.5890593165687724, 0.5865279110392205, 0.5842067756666924, 0.5925627269234619]
0.5896337440505512
rmse
[1.2977105463994396, 1.2947977852460606, 1.298301386341397, 1.2958228831847858, 1.300020891192365, 1.297583623867003, 1.2999667902346617, 1.2959790582131898, 1.293789817978762, 1.2956366642354438, 1.2989937040675228, 1.2957117945566685, 1.3006909283124624, 1.2997671690177008, 1.29727902500735, 1.302036238794587, 1.2978779630699357, 1.28966104103953, 1.298143274549374, 1.2986358632554227]
1.297420322428183
==================================================================================================================================
density = 0.15000000000000002
mae
[0.48477678052051926, 0.4839367732351718, 0.4868750655225346, 0.48596889420939676, 0.48381156589257457, 0.4862012926061928, 0.4872931651815133, 0.4885156089542785, 0.4848866626314195, 0.48624923011899296, 0.4853774557316135, 0.4859935264357635, 0.4833600851199548, 0.4862618970025186, 0.4858396479242261, 0.4889283662215375, 0.4837702928307265, 0.4839991786179294, 0.4853745719243121, 0.48774638317067065]
0.4857583221925924
nmae
[0.5336687225646, 0.532299486273892, 0.5364288723830409, 0.5355655905949575, 0.533109596260542, 0.5353739898632935, 0.5360362422114836, 0.5381855342196532, 0.533347662775761, 0.5352301092426219, 0.534080333405348, 0.5348515586338053, 0.5327397089808596, 0.5351337349712584, 0.5347787246137244, 0.5381697781090027, 0.5327179989592901, 0.5331099127717936, 0.5343040456355209, 0.5375692948847162]
0.5348350448677582
rmse
[1.2356375951915848, 1.2323387947748397, 1.2316142618589045, 1.2333808195013023, 1.2368303508865748, 1.2344780552952126, 1.2361906970042646, 1.2318988513461508, 1.2376097284621204, 1.2331861661480283, 1.2373220591097491, 1.233994141858488, 1.239193969584921, 1.2340657540519218, 1.2342050989166051, 1.236707886977572, 1.232140778292168, 1.2309529064359839, 1.23503120804866, 1.2347806856006567]
1.2345779904672856
==================================================================================================================================
density = 0.2
mae
[0.45559154315833167, 0.4536661001984439, 0.45521789770242344, 0.45671047446593677, 0.4527312434826678, 0.45498659367846384, 0.45559600973135733, 0.45819118546750265, 0.4570124200029649, 0.4553029908449788, 0.45535916233968254, 0.45533231082305586, 0.4526033994361001, 0.4540898386767519, 0.45737569212859736, 0.4555778999266465, 0.45580646876604175, 0.4555217149242859, 0.45167468593313403, 0.45706046146942464]
0.45527040465783963
nmae
[0.5016952392793271, 0.4994527690027986, 0.5017778698527161, 0.5032532927662857, 0.49867381325617316, 0.5007474704560518, 0.5008625719127106, 0.50486172648058, 0.5023343084219344, 0.5009743760734587, 0.5010717393596317, 0.5012671010168211, 0.49896695669312335, 0.4996085287402333, 0.5035226282210615, 0.5014459893846573, 0.5017408385861611, 0.5017853509812641, 0.4970374773228112, 0.5038377722373024]
0.5012458910022551
rmse
[1.1938371089081827, 1.190033327421092, 1.186396239365047, 1.1915413424748158, 1.193908784483853, 1.192975777901921, 1.1954401998460615, 1.188919624999794, 1.1968980844894919, 1.1901390372050296, 1.1945679561646645, 1.1939689048169373, 1.196825505316834, 1.1926906102527537, 1.1936330305363108, 1.1923064241081545, 1.1953477829574741, 1.1942069478308446, 1.1917496222576547, 1.1932181534262716]
1.1929302232381593
+++++++++++++++topK: 10
==================================================================================================================================
density = 0.05
mae
[0.6229312263101462, 0.6261737819117678, 0.6301915647327794, 0.6217007988165276, 0.6237834815088805, 0.6208924239130883, 0.6230143830789332, 0.6239725474490654, 0.6213922627837829, 0.62265608862178, 0.621706055684757, 0.625230144255516, 0.6191221472636929, 0.6271149457489218, 0.6165527786937938, 0.617137199378643, 0.6210079865805788, 0.6206391944593349, 0.6211069728977977, 0.6273624646253977]
0.6226844224357593
nmae
[0.6854324378200066, 0.6890387386984944, 0.6941648097847827, 0.6847195153838855, 0.6871109579206498, 0.6832974221540722, 0.6858266900122099, 0.6867107440075323, 0.6836797824905704, 0.6853670563218482, 0.6843630749771487, 0.6881716622502722, 0.6816817433450953, 0.6904573700196447, 0.6782390918651815, 0.6792538238379344, 0.6835672250785765, 0.6830705722064625, 0.6835266502406181, 0.6906425241876458]
0.6854160946301315
rmse
[1.374554166580134, 1.3758945949566663, 1.3751264067845315, 1.370903200890728, 1.3827764467707493, 1.3707340996854585, 1.376275031749657, 1.3720808732959198, 1.3760075729004373, 1.3735376469244156, 1.3719172040249716, 1.371179346069215, 1.3749244221856838, 1.3727809241069457, 1.3752037495497669, 1.3723115962108814, 1.373005915528366, 1.368284434486749, 1.3724950885805272, 1.373216821833643]
1.3736604771557723
==================================================================================================================================
density = 0.1
mae
[0.5447644074611533, 0.5477353910166507, 0.5481167698832252, 0.5483881623375811, 0.5444369501857786, 0.5493363904062846, 0.5468154666444678, 0.5506676068660774, 0.5414164261283334, 0.5483719740892086, 0.547427383401316, 0.5463306097617915, 0.544145193156746, 0.5491253659378329, 0.545952699094574, 0.5504858301497952, 0.5459021822520576, 0.5448698015784007, 0.5425471431894914, 0.5493875977862133]
0.546811167566349
nmae
[0.5995377312737871, 0.6025671659857919, 0.6033630362621127, 0.6040486667758245, 0.5998492698930631, 0.6045487690807447, 0.6019491221924255, 0.6063011517175494, 0.5954862978669321, 0.6033464927497231, 0.6024036332259405, 0.6010307366602076, 0.599216712025331, 0.6042378858795941, 0.6009438075075677, 0.6056320183200112, 0.6009176609239889, 0.5999005018940033, 0.5968118982840271, 0.6049538692708823]
0.6018523213894754
rmse
[1.3000274587558367, 1.298914422272999, 1.3007076425133262, 1.298188874147545, 1.304310633781883, 1.3015541515894642, 1.303689374578007, 1.298208153268138, 1.2984352400982437, 1.3000229443931608, 1.303069334781342, 1.2981430811271721, 1.3046493039346199, 1.3016251939938375, 1.2983899618878239, 1.3058520475140822, 1.3009227484678731, 1.2952088920170257, 1.3030218337977106, 1.3008966490007245]
1.3007918970960408
==================================================================================================================================
density = 0.15000000000000002
mae
[0.4977943221785523, 0.49740656109852066, 0.5004843004840654, 0.49899495490846923, 0.4964376274400593, 0.5004423143315117, 0.49924752921847126, 0.501969326448453, 0.4978223951444105, 0.49988030484439644, 0.4989173300407394, 0.4986120774428007, 0.4966080007942393, 0.49993213798951425, 0.4986482560947708, 0.5019588785170526, 0.4965042602894412, 0.4968687087141207, 0.49874925688741534, 0.5004880326188913]
0.4988883287742948
nmae
[0.5479991424748001, 0.5471153910706011, 0.5514232458504412, 0.5499210564993627, 0.5470221916767394, 0.5510552986889967, 0.5491863802275013, 0.5530071612140125, 0.5475762304675487, 0.5502342699948902, 0.5489788015972514, 0.5487386812119825, 0.547341019594188, 0.5501779059466583, 0.5488775557214507, 0.5525126315722163, 0.5467403847154011, 0.5472852964709682, 0.5490270012624608, 0.5516124938624755]
0.5492916070059972
rmse
[1.2426055523330546, 1.2407249051172928, 1.2393760506197522, 1.2399403504815791, 1.2436449502906695, 1.2418177144998839, 1.2421965797320618, 1.2398744837218347, 1.2457367574813747, 1.24059947325908, 1.2444975267458591, 1.2399081526745759, 1.2471062032657356, 1.2418545261915428, 1.2402717315784948, 1.2444818809186347, 1.239038361885868, 1.2378786559771606, 1.241869422513946, 1.2411596309484756]
1.241729145511844
==================================================================================================================================
density = 0.2
mae
[0.46729295595408127, 0.4660640789491777, 0.4671963023142915, 0.4679943744629709, 0.4657076707794863, 0.4672229636823677, 0.4670604466872684, 0.4698782881835801, 0.46756293177840663, 0.4670994236752214, 0.46617524991879483, 0.4661834235768698, 0.4652702539569565, 0.46618103440545205, 0.4675268962547956, 0.46882019212179205, 0.46699181483375496, 0.4664579873415448, 0.464855909511345, 0.468395988663956]
0.4669969093526056
nmae
[0.5145807793658989, 0.5131020251724424, 0.5149814332027366, 0.515687121518283, 0.5129670712888358, 0.51421452951263, 0.5134660786524966, 0.5177392567385539, 0.5139311136820183, 0.5139541075838, 0.5129736318975687, 0.51321289467921, 0.5129313720267703, 0.5129117652238542, 0.5146980384345862, 0.5160215302802641, 0.5140533995094057, 0.5138323316487677, 0.5115425233645365, 0.5163334205164527]
0.5141567212149556
rmse
[1.1984952345887585, 1.1958207344435143, 1.1926655546544307, 1.1958895747311213, 1.1999550428045624, 1.1984544989724237, 1.2000491484418743, 1.1940200218822574, 1.2028295417323125, 1.196202686991915, 1.199556752608232, 1.1979355023404623, 1.2038089165945811, 1.1985843090382837, 1.1969344174008933, 1.1990686035947178, 1.2000901749877895, 1.1974177067770864, 1.1989871091053375, 1.1984390316366669]
1.198260228166361
+++++++++++++++topK: 15
==================================================================================================================================
density = 0.05
mae
[0.6384959982737666, 0.6415936536615172, 0.6457808534552948, 0.637388255902553, 0.6394211161797466, 0.6353965097062518, 0.6389122076274494, 0.6391113883095003, 0.6371270482362834, 0.6377887206228233, 0.6372685595381437, 0.640136708969227, 0.6354722478202178, 0.6416975809430447, 0.6319481196111999, 0.6324910613440357, 0.6366402691738199, 0.6374017062262165, 0.6362955701504979, 0.6423403542633381]
0.6381353965007462
nmae
[0.7025588863596486, 0.7060066943815017, 0.7113366290320517, 0.7019971319383381, 0.7043361497649756, 0.6992592926029173, 0.7033273331508488, 0.7033717408946262, 0.700991801548401, 0.7020237752369615, 0.7014940050912472, 0.7045788612820634, 0.6996839503417263, 0.7065129400747734, 0.6951747418267271, 0.6961530959303853, 0.7007742759777833, 0.7015192596345841, 0.7002416630403541, 0.7071311859897635]
0.7024236707049839
rmse
[1.3785789829841446, 1.3807743894479754, 1.3790472056889012, 1.3752033634772463, 1.3872680504232031, 1.3744891853508112, 1.3807282176893565, 1.3761957211874274, 1.3796231009120097, 1.3781022282897881, 1.3761609121944274, 1.3748620201923447, 1.379188597423863, 1.3766327060017796, 1.37873839697813, 1.377033393082845, 1.3768950169383456, 1.3724339057143848, 1.3766911875468941, 1.3770070985947378]
1.3777826840059306
==================================================================================================================================
density = 0.1
mae
[0.5561345018592879, 0.5591813378050896, 0.5592156515864407, 0.55855429636107, 0.555179937077688, 0.5599251293003016, 0.5578809998693045, 0.561804676493824, 0.5530416115453116, 0.559297809819083, 0.557952653456216, 0.5571208258417643, 0.5545118310851821, 0.5598654207230385, 0.5561788636742787, 0.5602149777453197, 0.556353466767227, 0.556054826260945, 0.5532648247614832, 0.5610023498737299]
0.5576367995953293
nmae
[0.6120510315306739, 0.6151589243995259, 0.6155806061879385, 0.6152466468288158, 0.6116856686558282, 0.616201754712665, 0.6141303577601686, 0.6185633913297363, 0.6082724607757244, 0.6153676480593614, 0.6139859199620569, 0.6129012989230406, 0.6106325303994632, 0.616055857512648, 0.6122000029415648, 0.616335805723962, 0.6124222154919846, 0.6122151904697285, 0.6086015463624986, 0.6177433629621824]
0.6137676110494783
rmse
[1.3071484930311703, 1.3071154772660478, 1.307868139888982, 1.3052317477272282, 1.312066692802649, 1.3086890783591993, 1.3106933077480272, 1.3060118669655505, 1.3067225594503966, 1.3079175199438284, 1.310018277114142, 1.3056493599983139, 1.3117612385588011, 1.3083855901566515, 1.3048087816147136, 1.311930945000163, 1.3076515214760218, 1.3036279010070244, 1.3103957288618495, 1.308785522220927]
1.3081239874595845
==================================================================================================================================
density = 0.15000000000000002
mae
[0.5082411262452526, 0.5090047343797125, 0.5111155480427315, 0.5097722420759694, 0.5073351612761576, 0.5120045940078571, 0.5094128048442985, 0.512904512891414, 0.5090442200936047, 0.5107973598960625, 0.5096773120744607, 0.5093628036938309, 0.5077373875247649, 0.5104327141428567, 0.50882880640119, 0.5129079581540126, 0.5074407995972708, 0.5076950993858523, 0.5095586028447127, 0.5112681228902317]
0.5097270955231122
nmae
[0.559499554221362, 0.5598726395806122, 0.5631365344202709, 0.5617982450100879, 0.5590301308686849, 0.5637869468692376, 0.5603684704697947, 0.565054184993241, 0.5599195976293734, 0.5622510223226647, 0.5608184425285414, 0.560570202372314, 0.5596073742860205, 0.5617338443636452, 0.5600836022678656, 0.5645644251800567, 0.5587834791797509, 0.5592102261849428, 0.5609260120671689, 0.5634937619270103]
0.5612254348371322
rmse
[1.253842951745844, 1.2536247910609533, 1.2516908423063342, 1.2524265488510449, 1.2555633377704631, 1.2540478657564578, 1.253502643272487, 1.2522900596649094, 1.2588742178082264, 1.252380346699975, 1.2560443162608679, 1.251686545470577, 1.2588108297400338, 1.2524285767403052, 1.2516284227773602, 1.2564037981547374, 1.251465464182036, 1.249527715031783, 1.2536347784104171, 1.2535652607111298]
1.2536719656207973
==================================================================================================================================
density = 0.2
mae
[0.4795263697176133, 0.4793902976037693, 0.4804692696175906, 0.48040065261304377, 0.4789909167159909, 0.48004396085821743, 0.47928730819006354, 0.48270274536981045, 0.479482846310877, 0.4797181696881984, 0.47867868990969875, 0.47855188756561334, 0.4779686813304728, 0.47903572664197897, 0.47976909032334686, 0.4820130937145187, 0.47886166474569664, 0.4785675763212571, 0.47844351356654463, 0.4809497845198544]
0.4796426122662078
nmae
[0.5280521563865327, 0.527773204712772, 0.5296119679283898, 0.529357708638711, 0.5275982835122747, 0.5283250153900841, 0.5269077620033263, 0.5318699903745806, 0.527033125270846, 0.5278386384078749, 0.526732266712404, 0.5268291128572293, 0.5269305944569295, 0.5270550323236306, 0.5281754090921769, 0.53054270787269, 0.5271194458620001, 0.5271717930999825, 0.5264947636666584, 0.5301720197180176]
0.5280795499143556
rmse
[1.2125613394528867, 1.2113261484153557, 1.2085013198730454, 1.2108356903260424, 1.2155610409617752, 1.2127143811125551, 1.214427944591264, 1.2089771254024206, 1.217537054919175, 1.210898785956597, 1.214722238646442, 1.2123395854375678, 1.2187280281180517, 1.2126886785347288, 1.2110999081812555, 1.2141233943843868, 1.2141518400681224, 1.2109848908345409, 1.2142487759147707, 1.2131644230284184]
1.2129796297079705
+++++++++++++++topK: 20
==================================================================================================================================
density = 0.05
mae
[0.6440156071181341, 0.6468992793703697, 0.6510202988445262, 0.6430415792764512, 0.6450045181324289, 0.6405041456811637, 0.6446432919886418, 0.6443340189761014, 0.6429100016009655, 0.642898745041703, 0.6427321899319511, 0.6452984843946638, 0.6412717938894713, 0.6466035920048575, 0.6370937299304872, 0.6379659421054825, 0.6419293336410291, 0.6432997203527596, 0.6413776985157966, 0.6476273621122096]
0.6435235666454597
nmae
[0.7086322999022924, 0.7118449804165262, 0.7171079513021869, 0.7082235045732981, 0.7104863874321924, 0.7048802896718833, 0.7096362254081875, 0.7091194883001816, 0.7073544303342935, 0.7076484570761006, 0.7075082731889358, 0.7102602693320784, 0.7060695152784221, 0.7119144880971717, 0.7008351721915682, 0.7021790391015533, 0.7065961513791277, 0.7080105671773009, 0.7058345324319477, 0.7129514775309936]
0.7083546750063119
rmse
[1.380684220356267, 1.3828832279281078, 1.3811515190661283, 1.37747586735829, 1.3895167551324434, 1.3766388931756717, 1.3830071914577835, 1.3782201030749042, 1.38188696147078, 1.3802434227382472, 1.3783066519927676, 1.3767573289699786, 1.3811662761157444, 1.3785331026860432, 1.3806970053321654, 1.3791717314937428, 1.3788361249232144, 1.3746321114964466, 1.378699551354967, 1.3790737725903774]
1.3798790909357035
==================================================================================================================================
density = 0.1
mae
[0.5702462659707486, 0.5727030551979764, 0.5730215767187444, 0.57070823928188, 0.5682080175114088, 0.5725397337265757, 0.5710056553012546, 0.5753507325347612, 0.5671771586677881, 0.5719368458450891, 0.5705412052885148, 0.5706868156094725, 0.5674866695071767, 0.5732338496668633, 0.5696412397560422, 0.571892885929899, 0.5690341032613974, 0.5693437418063046, 0.5668763018297985, 0.5746732014665855]
0.5708153647439143
nmae
[0.6275816626140919, 0.6300342511765114, 0.6307780702392736, 0.6286341951414749, 0.626039735795483, 0.6300842203776547, 0.6285783302449649, 0.6334779954873911, 0.6238196887837122, 0.6292737527079327, 0.6278386967700276, 0.6278255529881123, 0.6249205184512993, 0.6307659979352319, 0.6270183774162963, 0.6291835753053479, 0.6263807939128817, 0.626846258446325, 0.623574423041629, 0.6327969145906708]
0.6282726505713156
rmse
[1.314094924772391, 1.31489146063085, 1.3151405467975423, 1.3119417608971116, 1.3191122474015167, 1.3154038133197097, 1.3172342515661952, 1.3134848327712814, 1.3143482227213847, 1.3149603348397325, 1.3169090828244034, 1.3127263934806899, 1.31845160316746, 1.3154078083271614, 1.3119447191510172, 1.31809646660002, 1.3145115611461957, 1.3107195484985157, 1.3172091018267498, 1.3160700118886264]
1.3151329346314278
==================================================================================================================================
density = 0.15000000000000002
mae
[0.5163491648871587, 0.5181623872811698, 0.5196941305609343, 0.518257614389252, 0.515729656525486, 0.5210755210326629, 0.5176416670556497, 0.5215604502301405, 0.5175101580890826, 0.5193032953517708, 0.518234945968561, 0.5178391140913984, 0.5164430466995559, 0.5187022010474933, 0.5170138709196104, 0.5214894704376756, 0.5162428106063405, 0.5162996774681107, 0.5180915395092428, 0.519738946520584]
0.518268983433594
nmae
[0.568425325418333, 0.5699454718275461, 0.5725882391239109, 0.5711496119155244, 0.5682799840939262, 0.5737752757093307, 0.5694204512744212, 0.5745902165456133, 0.5692316463844139, 0.5716137780478621, 0.5702347512370555, 0.5698986554915391, 0.5692023956335397, 0.5708344575123475, 0.5690931558988706, 0.5740102067722133, 0.5684760745314252, 0.5686878990272184, 0.5703191340903001, 0.5728298735685966]
0.5706303302051993
rmse
[1.2628354237737145, 1.2642228263053001, 1.2616329946357039, 1.2619825300060123, 1.2647544147490433, 1.2639612676441916, 1.2630146183224653, 1.2621117389955439, 1.268913532602402, 1.2616687279207879, 1.265745309106076, 1.2612684599304247, 1.2682251073916913, 1.2620028603289117, 1.2610913469763654, 1.2663384923743488, 1.2615715696766059, 1.259427467466445, 1.2638453760546475, 1.2634169945673757]
1.2634015529414027
==================================================================================================================================
density = 0.2
mae
[0.4886502583202335, 0.48944767710088577, 0.4901127354167259, 0.49021068447155747, 0.48880501920727953, 0.48971030875967475, 0.4888271060719394, 0.4926247054192993, 0.4890588510530693, 0.48973022022659457, 0.4883517096291414, 0.48861617225958404, 0.48777138625244965, 0.4887751421803306, 0.48960128959205157, 0.4915771835682267, 0.48852408481551335, 0.48796379510058663, 0.48879979255304223, 0.49060531383839956]
0.48938817179182925
nmae
[0.5380993390974257, 0.5388456344943879, 0.5402417734591267, 0.5401674691127012, 0.538408308186892, 0.5389635689814535, 0.5373954036871532, 0.5428025836664949, 0.5375587817061418, 0.5388549964651334, 0.5373763411409878, 0.5379087017474523, 0.5377374638891376, 0.5377707424176622, 0.5389996284422062, 0.541069720925844, 0.5377556063397708, 0.5375223094060302, 0.5378911490347373, 0.5408157327313631]
0.538809262746605
rmse
[1.2242250551631688, 1.2240742021640856, 1.2210019964183914, 1.2234966615696992, 1.228308321236864, 1.225053676233019, 1.2267773758813998, 1.2220321007179686, 1.2300538489441186, 1.223923524802751, 1.2267828362114668, 1.225091544257968, 1.2308516732058565, 1.2248538903396051, 1.2237569976360423, 1.2263809617820942, 1.2262049583920607, 1.2228457557486845, 1.2271437414785051, 1.2255309575402171]
1.2254195039861986
+++++++++++++++topK: 25
==================================================================================================================================
density = 0.05
mae
[0.6453989507950219, 0.6482216856418593, 0.652279393081749, 0.6444210286389551, 0.646430682639075, 0.6418692956363768, 0.6460848880364084, 0.6456088520650142, 0.6443009420844915, 0.6442475243894796, 0.6441007473773183, 0.6465965330431298, 0.6426779365413451, 0.6478392524673381, 0.6383982137566917, 0.6393393318671787, 0.6432814981061717, 0.6448106645029239, 0.642682901763738, 0.6489732234823936]
0.644878177295833
nmae
[0.7101544400499432, 0.7133001501723921, 0.7184948611889505, 0.7097427818539261, 0.712057338394125, 0.7063826488718427, 0.7112231631621578, 0.7105225012733511, 0.7088847968100108, 0.7091330790819008, 0.7090147571181662, 0.7116889917062376, 0.7076177425201023, 0.713274957782905, 0.7022701700639518, 0.7036906644713922, 0.7080845304841643, 0.7096735003185503, 0.7072709052998714, 0.7144330916636873]
0.7098457536143814
rmse
[1.3815674730406589, 1.3837973821528298, 1.3820674125672325, 1.3784217507762622, 1.3904928760556305, 1.377531854733778, 1.3839746075584642, 1.3791036381101371, 1.3828260042362979, 1.3811832792378593, 1.3792408814405606, 1.3775974177000263, 1.382061637716432, 1.3793855671780313, 1.3815965408250452, 1.380074933340508, 1.379759899733255, 1.375595997944509, 1.3796340814174335, 1.3800271108998108]
1.380797017333238
==================================================================================================================================
density = 0.1
mae
[0.5851707650731923, 0.5870765078547467, 0.5878830833063041, 0.5844657939631286, 0.5828984988855105, 0.5859890725471731, 0.5853493575972455, 0.5895923992866351, 0.5822403360897064, 0.5855604193142768, 0.5847205524726287, 0.5854020761888771, 0.5821150645801942, 0.587189719720229, 0.5846338986262839, 0.5845443408727391, 0.5832112151038469, 0.5839132030902443, 0.5815351147739092, 0.5892493848033564]
0.5851370402075113
nmae
[0.6440067451079676, 0.6458465773012583, 0.6471375108380528, 0.6437881191938837, 0.6422254015987051, 0.6448853174302794, 0.6443682621922905, 0.6491584873964397, 0.6403871871531922, 0.6442630950881751, 0.6434420270371588, 0.6440141460271197, 0.6410294153194483, 0.6461225375156867, 0.6435211724772736, 0.6431024189377662, 0.6419866609784378, 0.6428872045792207, 0.6396993885669007, 0.648847365209348]
0.6440359519974302
rmse
[1.3202129145727253, 1.3217249393811388, 1.3213678649855944, 1.3179005924844647, 1.3255842179933037, 1.3215006219912597, 1.3232145081396887, 1.3200643133286543, 1.320928086449576, 1.3212707912929438, 1.3232236944378901, 1.3192825608294847, 1.324653405478769, 1.3216837831380797, 1.3181766273117073, 1.3238198685516092, 1.3207768782001827, 1.3169272990552046, 1.3233854618469287, 1.3227149884683012]
1.3214206708968752
==================================================================================================================================
density = 0.15000000000000002
mae
[0.5239849427400793, 0.5260337163823782, 0.5275805415878205, 0.5257386486326562, 0.5233563630623707, 0.5289106472186044, 0.5250459407599615, 0.5294235272695831, 0.524978351988611, 0.5271211089222672, 0.5259419875002971, 0.5257565567015118, 0.5241788633373029, 0.526635956485293, 0.5246855482368283, 0.5287135703451247, 0.5240426478180167, 0.5241062121476239, 0.525752016466009, 0.5276075684500849]
0.5259797358026213
nmae
[0.5768312061789169, 0.5786034301985455, 0.5812773236013865, 0.5793941406715223, 0.5766838146951545, 0.5824028191384418, 0.5775653614360201, 0.5832527735642954, 0.5774462335620723, 0.5802190959634324, 0.5787151189637232, 0.5786120565762602, 0.5777284962181585, 0.579565596443754, 0.5775376083614858, 0.5819618670006312, 0.5770650964974067, 0.5772865520950381, 0.5787518457860749, 0.581502269076399]
0.5791201353014359
rmse
[1.2702681297221903, 1.272427410671155, 1.269662073318706, 1.269665429102593, 1.272365786411518, 1.2716500915850852, 1.27063779159026, 1.2701404483748484, 1.2768552721956579, 1.2699172766542297, 1.2735980240073141, 1.2690426190909347, 1.2759217369399776, 1.2700842927762497, 1.2691387798428198, 1.2740034266279723, 1.269912614618429, 1.2673413679201855, 1.2715955329904793, 1.2713176690580181]
1.2712772886749313
==================================================================================================================================
density = 0.2
mae
[0.4959635022125655, 0.49757804136556494, 0.4979257042605112, 0.4980162015541273, 0.49647164941585564, 0.4977993019603364, 0.49632999730066457, 0.5006392338280853, 0.496657107124569, 0.49772470025499466, 0.4962171992395639, 0.496575726197983, 0.49559682188160903, 0.49659920958981035, 0.49729970420099934, 0.4990922515557907, 0.4965533014328345, 0.49563189348297154, 0.49665428602324196, 0.4982015222423187]
0.4971763677562199
nmae
[0.5461526484697563, 0.5477965632572361, 0.5488538576575889, 0.5487684371070093, 0.5468529379224627, 0.5478661233424947, 0.5456437581883624, 0.551633457715848, 0.5459105562790623, 0.5476514017705909, 0.5460314312016761, 0.5466712306373441, 0.5463645175205163, 0.5463791068298798, 0.54747477485629, 0.5493414143133498, 0.546593975592561, 0.5459691941803454, 0.5465344884594633, 0.5491893660738238]
0.547383962068783
rmse
[1.2338915730291964, 1.2348438894818885, 1.2313955949418562, 1.2335474117925118, 1.2383491511749607, 1.2355181882249737, 1.2366914783352627, 1.2326518093499796, 1.240189877703358, 1.2342743858017395, 1.2365787461917952, 1.2352664409484952, 1.2406574021374945, 1.2350045464624628, 1.2341857068351045, 1.236389257506942, 1.2364685011132874, 1.232709624059528, 1.2374094104782956, 1.2355678339625213]
1.2355795414765827
+++++++++++++++topK: 30
==================================================================================================================================
density = 0.05
mae
[0.6461272134727738, 0.6489964107998456, 0.6529870469318738, 0.6451815804575743, 0.6472019449975996, 0.6425863607245231, 0.6468188661156136, 0.646300987255195, 0.6450306213116597, 0.6450150729319752, 0.6448465096424962, 0.647341488156613, 0.6433893914026138, 0.648557583340321, 0.639091638096383, 0.6400401432026762, 0.6440205995760195, 0.6456112980480401, 0.6434302184917363, 0.6497402248079172]
0.6456157599881727
nmae
[0.7109557722701012, 0.7141526541594915, 0.7192743517879299, 0.7105804270261065, 0.7129069005157319, 0.7071717851334177, 0.7120311409075754, 0.7112842281687827, 0.7096876180956884, 0.7099779314727587, 0.7098356790833495, 0.7125089409736517, 0.7084010867960008, 0.714065844443677, 0.7030329717423837, 0.704462014472502, 0.7088980877196795, 0.7105546712447058, 0.7080933254658763, 0.7152774579772365]
0.7106576444728325
rmse
[1.3822333987396338, 1.3844856483556278, 1.3827312273229788, 1.3791424068850706, 1.3912253894649813, 1.3781783911243977, 1.3846740681252343, 1.379773524965308, 1.3834985226593646, 1.3818651045494534, 1.3799455661322768, 1.378276981240833, 1.3827039800531231, 1.3800666173655665, 1.3822365118820474, 1.3807173753156419, 1.380456509291064, 1.3762886932725638, 1.3803413361435446, 1.380747229442862]
1.3814794241165786
==================================================================================================================================
density = 0.1
mae
[0.5966278674531061, 0.5983438949847198, 0.5992901953449344, 0.5960400904923273, 0.5951745063586024, 0.5963749058103874, 0.5967722123186433, 0.6002282014306882, 0.5939226790297467, 0.5965016578058117, 0.5960303499176903, 0.5966755177843129, 0.5938817042316175, 0.5977929895808592, 0.5961538600974241, 0.5945376600292923, 0.5948234919339153, 0.595280969677074, 0.5930340693378308, 0.6005086229175435]
0.5963997723268264
nmae
[0.6566158015619997, 0.6582419011060082, 0.659694378521697, 0.6565371879511825, 0.6557508504453038, 0.6563150039116544, 0.6569428468408767, 0.6608688168383305, 0.6532362157604764, 0.6563011972927417, 0.6558876285516888, 0.6564163156762906, 0.653986925947465, 0.6577899959166583, 0.6562014825486197, 0.6540968418983943, 0.6547692115114646, 0.6554030916059892, 0.6523484513953062, 0.6612453874611539]
0.6564324766371651
rmse
[1.3245902719266434, 1.3265393722157994, 1.3259277660685485, 1.3225263077419724, 1.3304336827836705, 1.3257237216193343, 1.327609959041978, 1.3245103190039904, 1.3256349810022348, 1.3257986470892273, 1.3276671670808586, 1.3237371749516564, 1.3291474129530985, 1.3260562943076624, 1.322713731248484, 1.3279806978959727, 1.3254712338945487, 1.3213810831798867, 1.3279132069982869, 1.3273288174155284]
1.325934592420969
==================================================================================================================================
density = 0.15000000000000002
mae
[0.5326107488627214, 0.5342680649271871, 0.5362654087430536, 0.5336078717143045, 0.5314864346949062, 0.5370030282608235, 0.5329481369657176, 0.5379347207094399, 0.5329335897337297, 0.5355244647865546, 0.5338109474126081, 0.5342324991445624, 0.5324492671621859, 0.535349887005034, 0.5329114644395774, 0.5363141559585729, 0.532139807470414, 0.5325106958076692, 0.5341831469551208, 0.536221434779227]
0.5342352887766705
nmae
[0.586326964060756, 0.5876606867300139, 0.5908461305187794, 0.5880664757889845, 0.585642300831372, 0.5913136352797228, 0.586258000409878, 0.5926293443520364, 0.5861965411806792, 0.5894689390452332, 0.5873736519958883, 0.5879401047496658, 0.5868437969276262, 0.5891553220917106, 0.5865921287047321, 0.5903279299163479, 0.5859815238828896, 0.5865438272079688, 0.5880328987917027, 0.5909960351166237]
0.5882098118791305
rmse
[1.2769091382026105, 1.279661880837118, 1.276748970121213, 1.2761804789713787, 1.2791600444740758, 1.2783316263289435, 1.277178132318531, 1.2770950227875064, 1.2835387053239065, 1.2769773673625704, 1.2801149616993601, 1.275822697752467, 1.2824662086211782, 1.277039549613343, 1.2760085624659068, 1.2802765533986604, 1.2766961233109888, 1.2743646996309232, 1.278350397358073, 1.2781152516806433]
1.2780518186129695
==================================================================================================================================
density = 0.2
mae
[0.5022829497429809, 0.5042172289601362, 0.5045447310224733, 0.5044908250208936, 0.5028294983512722, 0.5045390137825845, 0.5027222652133408, 0.5073906847937025, 0.5029053427265224, 0.5045435811908802, 0.5028268129779963, 0.5032086904834646, 0.5020024484852165, 0.5031648563603218, 0.5036713008825872, 0.5054757893413669, 0.5030991349918628, 0.5021636424517203, 0.5030074873080893, 0.50474668073922]
0.5036916482413316
nmae
[0.5531115940175737, 0.555105816971779, 0.5561498826290996, 0.5559028817086625, 0.5538559729865807, 0.5552836905708128, 0.5526711413934655, 0.5590725994952184, 0.5527784289507595, 0.5551542837877608, 0.55330457057455, 0.5539733409851063, 0.553426320450182, 0.553602904510097, 0.5544892340028763, 0.5563676537801414, 0.553799472320248, 0.5531643197724367, 0.5535257572595307, 0.5564043810532795]
0.5545572123610081
rmse
[1.2422422040885253, 1.2435393601671128, 1.239885602901306, 1.2420471387624135, 1.2466061185303996, 1.243884296455453, 1.2450995236375157, 1.2411473289494768, 1.248398407769388, 1.2429255964253727, 1.2447639776498953, 1.243634305027229, 1.2485958890126592, 1.2435223576010708, 1.2426580420635662, 1.2447039046589712, 1.2446942859294912, 1.2410109967153857, 1.2458045112756413, 1.243940548137422]
1.2439552197879145
+++++++++++++++topK: 35
==================================================================================================================================
density = 0.05
mae
[0.646725454751579, 0.6496348834364349, 0.6535926569461079, 0.6457945277607707, 0.6478312812763767, 0.643183067767474, 0.6474167685420025, 0.6469130933611722, 0.6456377501647408, 0.6456610876567169, 0.6454476487642732, 0.6479595610640079, 0.6439908813652385, 0.6491631016710515, 0.639682199454485, 0.640671399137589, 0.6446384199830566, 0.6462431226840288, 0.6440595425792297, 0.6503652852410761]
0.6462305866803706
nmae
[0.7116140375180403, 0.7148552265010959, 0.7199414396765353, 0.7112555057475741, 0.7136001279995997, 0.7078284663369987, 0.7126893238535518, 0.7119578793432865, 0.7103556047235855, 0.7106890097362296, 0.7104974024397599, 0.7131892348845927, 0.7090633546992551, 0.714732523809189, 0.7036826189632726, 0.7051568081229926, 0.7095781462541287, 0.7112500524250951, 0.7087858950299132, 0.7159655662713539]
0.7113344112168025
rmse
[1.3827982304182689, 1.3850956480226542, 1.3833143208219325, 1.3797162382474524, 1.391804104736138, 1.3787470115836593, 1.3852505513515245, 1.3803573978595545, 1.3840670815346245, 1.3824546076764817, 1.3805254206426256, 1.3788537072982792, 1.3832681608275155, 1.3806424269702569, 1.3827852288895086, 1.3813084318908322, 1.381041718538247, 1.376857140397158, 1.380952872507425, 1.3813698237185421]
1.382060506196634
==================================================================================================================================
density = 0.1
mae
[0.6026348018807995, 0.6044084687548056, 0.6052301189023663, 0.6023095878879037, 0.6019628272428176, 0.6017627420263228, 0.6027870542704351, 0.6055033453067393, 0.6000917430795067, 0.602442405345643, 0.6019753465730435, 0.602549478619165, 0.6002641054435394, 0.6034415999796939, 0.602182256536112, 0.5998447309012845, 0.6010407217511001, 0.6012922784406864, 0.5989428484052696, 0.6063479983417187]
0.6023507229844476
nmae
[0.6632267030624737, 0.6649135770456797, 0.6662330040659228, 0.6634430291112277, 0.6632300807304762, 0.6622443575995531, 0.6635641460795856, 0.666676904635119, 0.6600213684359603, 0.6628375072462582, 0.6624296607796882, 0.6628783936646054, 0.6610152733759291, 0.6640055244958567, 0.6628370894703149, 0.6599355608399834, 0.6616130075625392, 0.6620215298712121, 0.6588482177216906, 0.6676753701750242]
0.6629825152984551
rmse
[1.3269206131686193, 1.3290676517403155, 1.3282506078252876, 1.324969182695178, 1.3330081971114407, 1.3278868584042929, 1.329845231525853, 1.3266443442326497, 1.3281060351185607, 1.3281571388820619, 1.329914728468373, 1.325938014902946, 1.3314474380788888, 1.328288579388403, 1.3250888696605525, 1.330063260153847, 1.3279191468266018, 1.3237573100881594, 1.3303022014925747, 1.3295780614948107]
1.3282576735629708
==================================================================================================================================
density = 0.15000000000000002
mae
[0.5430766195416933, 0.543763431811491, 0.5465770296680543, 0.5429368604451486, 0.5410061188361915, 0.5462691267659779, 0.5423615779785204, 0.5477980492312866, 0.5424473015500123, 0.5453004112068766, 0.5430266569372321, 0.5442799907442246, 0.5423431311704978, 0.5454743914920838, 0.5426965507413875, 0.545355027136957, 0.5419056999631239, 0.5423179703055019, 0.544276853126284, 0.5461664392774669]
0.5439689618965006
nmae
[0.5978483653741112, 0.5981049827497357, 0.6022072610776076, 0.5983475563659965, 0.5961319941890033, 0.6015168745606783, 0.5966130513470334, 0.6034955288350194, 0.5966610813559026, 0.6002296365361445, 0.5975140677843783, 0.5989976934831028, 0.5977484090268571, 0.600297391693064, 0.5973628757919137, 0.6002793337867841, 0.5967355259038205, 0.5973462324248503, 0.5991441278396672, 0.6019569140492173]
0.5989269452087445
rmse
[1.2832006041432975, 1.2859410222860386, 1.2831835340564723, 1.282241705768958, 1.285241088397251, 1.2843680804840054, 1.283098264726037, 1.283374742257846, 1.289746965551342, 1.2832540507569918, 1.2860644684329463, 1.28207480583063, 1.2884419186053648, 1.2834361986813676, 1.2822105198522382, 1.2860942593725473, 1.283078035026162, 1.2805744452202983, 1.2845782235056593, 1.2843962410243819]
1.2842299586989916
==================================================================================================================================
density = 0.2
mae
[0.5080163093127135, 0.5100353337679051, 0.5104678662379373, 0.5101755524311411, 0.5085367963035765, 0.5105911456380849, 0.5083068516670846, 0.5134215605000007, 0.5085073676464543, 0.5106811314799804, 0.5086627508582358, 0.5091351181740372, 0.5077005609844882, 0.5090055340436576, 0.5094741277666025, 0.5110628408046561, 0.5090611099936795, 0.5081321909084161, 0.5087152309590468, 0.510636155942493]
0.5095162767710095
nmae
[0.5594251422921337, 0.5615111193633784, 0.5626788398301804, 0.5621669328912662, 0.5601424400114121, 0.5619445235703233, 0.5588105944934615, 0.5657177694981393, 0.5589360062741463, 0.5619074909674351, 0.5597263663487283, 0.5604976379814457, 0.5597081333048778, 0.5600290610449374, 0.560877537303721, 0.5625172157962163, 0.5603622715388275, 0.5597390451566912, 0.5598067435397696, 0.5628966076101863]
0.560970073940864
rmse
[1.2491359792571994, 1.2507295948478958, 1.2471707427131333, 1.2492444464395018, 1.253623801926756, 1.2509768027157588, 1.2520796315870493, 1.2483178483390005, 1.2553207180474961, 1.25016794654502, 1.2515645493605791, 1.2505045528411687, 1.2555175936348077, 1.2505814658523489, 1.2497502850564264, 1.2515948160491157, 1.2517996193650682, 1.2480898823578213, 1.2529008084141946, 1.2509766458145268]
1.2510023865582436
+++++++++++++++topK: 40
==================================================================================================================================
density = 0.05
mae
[0.6472183359994457, 0.6501462756818336, 0.6540734965807872, 0.6462806347641583, 0.6483382545684767, 0.6436534219746355, 0.6479023185572248, 0.6474089776324673, 0.646144291293452, 0.6461753060013442, 0.6459193693423421, 0.6484607262261576, 0.6444953888364194, 0.649667494136646, 0.6401647666159281, 0.6411738177141376, 0.6451261544362268, 0.6467769773707112, 0.6445789430966041, 0.6508706012622876]
0.6467287776045644
nmae
[0.7121563715366479, 0.7154179601669384, 0.7204710912495228, 0.711790886999163, 0.7141585700146598, 0.7083460951642715, 0.7132238270188392, 0.7125036229954308, 0.7109129208497121, 0.7112550177133522, 0.7110166641429158, 0.7137408520224855, 0.7096188404527615, 0.7152878629820358, 0.704213467131753, 0.7057097965664563, 0.7101150142074131, 0.7118376086567393, 0.7093574939835006, 0.7165218519149497]
0.7118827907884774
rmse
[1.3832641882276853, 1.3855926892687749, 1.38377932413687, 1.3801747342286956, 1.3922703280989062, 1.3791955047163036, 1.3857117109399983, 1.3808276506673285, 1.3845357615579998, 1.3829249611463936, 1.3809835344329762, 1.3793335892423553, 1.3837274014764809, 1.3811269699817166, 1.3832594950848542, 1.3817762599496517, 1.3815142007412424, 1.3773246975157176, 1.3814586702323433, 1.3818839927552808]
1.382533283220079
==================================================================================================================================
density = 0.1
mae
[0.6046131251849036, 0.6064173926241763, 0.6072048609223349, 0.6044760823108111, 0.6044119943903472, 0.6036051711874738, 0.6047439443211128, 0.6072292203756137, 0.6021425559246996, 0.6045397599605874, 0.6040200258901941, 0.6045361480166278, 0.6025063037523023, 0.6054168777163601, 0.6042247187317648, 0.601656659803481, 0.6030928603844634, 0.6034531599814962, 0.6008962166840824, 0.6083989692811256]
0.604379302372198
nmae
[0.6654039368340342, 0.6671236068931231, 0.6684067860161749, 0.6658294191860172, 0.665928521982104, 0.6642719645466707, 0.6657183430986658, 0.6685771435976654, 0.6622769907072217, 0.665145122534368, 0.6646796802101749, 0.6650639738794464, 0.6634843987402299, 0.6661790493731674, 0.6650852787559094, 0.6619290039006177, 0.6638719586851837, 0.6644006558883083, 0.6609969589788516, 0.6699337808318282]
0.6652153287319881
rmse
[1.3277026933317158, 1.3298871201276206, 1.3290691249153772, 1.3258851954094784, 1.3340108041014471, 1.328699466803054, 1.330614371623319, 1.3273631801915124, 1.3289386226613722, 1.329036523164739, 1.330678528910205, 1.3267325864034314, 1.3322848218249081, 1.329104121763245, 1.3259446665133605, 1.33079464060483, 1.328781240115688, 1.3245950585885644, 1.331184490728738, 1.3304003352847111]
1.329085379653366
==================================================================================================================================
density = 0.15000000000000002
mae
[0.5548410596149911, 0.554576860861945, 0.5583393561348117, 0.5540688387921172, 0.552080376613098, 0.5568602514122375, 0.5531526861190752, 0.5588683949658257, 0.5534591426536916, 0.5562607711039141, 0.5539920804282148, 0.5555248191471537, 0.5536510451866141, 0.556481112158578, 0.5539508378280957, 0.555740846412914, 0.5534336033902832, 0.5535841243399136, 0.5557121520493368, 0.5575299287412385]
0.5551054143977024
nmae
[0.610799302708328, 0.6099990628171306, 0.6151667489831796, 0.6106156348972032, 0.6083346646262838, 0.6131791484896786, 0.608483575028206, 0.6156914542546652, 0.6087734782686833, 0.6122940558949048, 0.6095797642126713, 0.6113729900060519, 0.6102115291883644, 0.6124103447670242, 0.6097508176167136, 0.6117111394282047, 0.6094298184987176, 0.6097555476879657, 0.6117321924624496, 0.6144811750775807]
0.6111886222457004
rmse
[1.2890217164963207, 1.2916926733836576, 1.2889656129093194, 1.2879448254824157, 1.2909512110218508, 1.2899774615296398, 1.288644349155659, 1.2891136205892437, 1.2954427536173627, 1.2889030930502847, 1.291629807626519, 1.287806065127219, 1.2939248611852374, 1.2890903039762172, 1.2878610548203855, 1.2915192845685117, 1.2889038062558154, 1.2862897186244027, 1.2902662049321494, 1.2902070281482372]
1.2899077726250225
==================================================================================================================================
density = 0.2
mae
[0.5137620906539471, 0.5155712575980308, 0.5162576810227737, 0.5155943584756242, 0.5141869473087182, 0.5162395388544809, 0.5138334528071304, 0.51927309843059, 0.5139603131844077, 0.5167652615046676, 0.5142192674256562, 0.5147676107013016, 0.5132172791193828, 0.5148247822724499, 0.5151425742821805, 0.5165170391229454, 0.5146521039779768, 0.5138316941672337, 0.5143298543348139, 0.5163157623403496]
0.5151630983792331
nmae
[0.5657523693623584, 0.5676057614023922, 0.5690608405033528, 0.5681379629797196, 0.5663659608922171, 0.568161011384578, 0.5648863010444721, 0.5721653346977834, 0.5649297200240977, 0.5686019193027526, 0.5658406902747307, 0.5666983470757272, 0.5657899702113872, 0.5664316400025141, 0.5671179019242611, 0.5685205488649517, 0.566516703742929, 0.5660174006103275, 0.5659852572482444, 0.569157486587731]
0.5671871564068264
rmse
[1.2550900158171079, 1.2570707928472151, 1.2535208223693097, 1.2554463918432492, 1.2597260312368546, 1.2570711774429193, 1.25815124766854, 1.2543557775915708, 1.2612578571683628, 1.2565027919870324, 1.257528255084181, 1.2564315684783527, 1.26144252714015, 1.2568030190286128, 1.2560168844479778, 1.2576862113757197, 1.2578230922987261, 1.2541098655410314, 1.2590435043367985, 1.257031066307369]
1.257105445000554
+++++++++++++++topK: 45
==================================================================================================================================
density = 0.05
mae
[0.6475849801797431, 0.6505118369237447, 0.6544550376191233, 0.6466655293639777, 0.6487246205138258, 0.644003844471356, 0.6482629159095415, 0.6477943560216078, 0.6465177456862807, 0.6465514097690904, 0.6462714680145194, 0.6488433839037455, 0.6448891946824676, 0.6500576116645864, 0.6405502492659559, 0.6415589870680333, 0.6454815910214964, 0.6471799000106746, 0.6449719361078751, 0.6512530985043583]
0.6471064848351002
nmae
[0.7125598026116999, 0.7158202220698153, 0.7208913640318377, 0.7122147964494386, 0.7145841604361545, 0.7087317381185934, 0.7136207797943824, 0.7129277497962221, 0.7113238098056118, 0.7116690008685517, 0.7114042481591616, 0.7141620316032814, 0.7100524386641323, 0.7157173847533892, 0.7046375174507518, 0.7061337343176115, 0.7105062568412188, 0.712281062116804, 0.7097899817968457, 0.7169429304391746]
0.7122985505062338
rmse
[1.3836081770648967, 1.3859659011606544, 1.3841530600443597, 1.3805389596194575, 1.3926381027234467, 1.3795276208839333, 1.3860743833955247, 1.3811950529915504, 1.3848918792305294, 1.3832720989483138, 1.3813264449615827, 1.3797185681737874, 1.3840965282166309, 1.3815037204751655, 1.3836283287113904, 1.3821488557801669, 1.3818627378599038, 1.377702695294781, 1.3818464424875554, 1.3822691076207259]
1.3828984332822178
==================================================================================================================================
density = 0.1
mae
[0.6050217167976033, 0.6068533370976434, 0.6076418645432643, 0.6049687339358026, 0.604960403183106, 0.6040186839979219, 0.6051721204423951, 0.6075838904416712, 0.6025578576878978, 0.605058595164437, 0.6044843402671768, 0.6049797069149548, 0.6030165920313161, 0.6058596752759774, 0.6046745619857599, 0.6020677061591957, 0.6035349279279673, 0.6039758153358555, 0.6013332571720565, 0.6088796433375763]
0.6048321714849789
nmae
[0.6658536102802807, 0.6676031921640634, 0.6688878364894848, 0.6663720741477739, 0.6665327473452558, 0.6647270384593431, 0.6661896908495466, 0.6689676457206325, 0.6627337675937913, 0.665715971183367, 0.6651906240835258, 0.6655519431175785, 0.664046331967944, 0.6666662879490777, 0.6655804324904467, 0.6623812277734226, 0.6643585773557976, 0.6649760983306854, 0.6614777116038151, 0.670463071320874]
0.6657137940113353
rmse
[1.3279346454827672, 1.3301389582544723, 1.32935520861528, 1.3261814971426011, 1.3342934236324961, 1.3289697632626745, 1.3308799108001486, 1.3276065380736426, 1.3291854705686137, 1.3293254462392365, 1.330919669188512, 1.326965457630857, 1.3325213504996036, 1.329361723938888, 1.3261818349953884, 1.3310394077444159, 1.3290424272785566, 1.3248544274219631, 1.3314744539933816, 1.3306543760050789]
1.329344299538429
==================================================================================================================================
density = 0.15000000000000002
mae
[0.5661330444227782, 0.5652590173391245, 0.5695290241361991, 0.5653750534372624, 0.5631740142074273, 0.5669889558167442, 0.5635247637850651, 0.5695128457605131, 0.5644672774254085, 0.5667075203529306, 0.5649228607755781, 0.566165574841688, 0.5647584835750711, 0.5669717692918805, 0.5645970471533062, 0.5658960666178224, 0.5647223133139752, 0.5646143123178589, 0.5665413079095855, 0.5686669272215428]
0.5659264089850881
nmae
[0.6232301355157909, 0.6217487514532879, 0.6274952936415156, 0.6230757318210434, 0.620558689589521, 0.6243322346119297, 0.6198931533544932, 0.6274181817786362, 0.6208817984277772, 0.6237931275549525, 0.621607341396908, 0.6230834850202596, 0.6224536933155924, 0.6239553672511075, 0.6214694294451882, 0.6228891216887947, 0.6218607160765588, 0.6219049537418566, 0.6236530101600251, 0.6267558092455893]
0.6231030012545413
rmse
[1.2939022164025642, 1.2965777589457659, 1.2938082732949965, 1.2928522324895633, 1.2958674051561783, 1.294609545917783, 1.2933011586500187, 1.2938747788572635, 1.3003333070887952, 1.293662340550027, 1.2963616875754769, 1.2924987833878874, 1.2986295420310587, 1.2938163229205055, 1.2924166453497463, 1.2961720179865321, 1.293881666348533, 1.29111746464552, 1.2950106015150362, 1.2951441551993006]
1.2946918952156277
==================================================================================================================================
density = 0.2
mae
[0.5201053007748546, 0.5214294742236053, 0.5225265244487508, 0.5214346421122306, 0.5203447872305367, 0.5223266486576827, 0.5197745858159865, 0.5257268461841738, 0.5198913967422449, 0.5234547046866875, 0.5201776972800658, 0.5208946560176948, 0.5191595479647301, 0.5212230023034132, 0.5210833470063633, 0.5223431955699029, 0.5206596488711948, 0.5199802940483563, 0.5203927259864188, 0.5225598424605582]
0.5212744434192726
nmae
[0.5727374821617455, 0.5740552239339358, 0.5759708651675923, 0.5745734229376901, 0.5731486902917, 0.574860340285015, 0.5714177260247869, 0.5792764497442678, 0.5714489887065539, 0.5759623796813937, 0.5723972747423871, 0.5734435003858349, 0.5723409501759862, 0.573471227819632, 0.5736580691155325, 0.574933289220278, 0.5731296652059975, 0.5727904637779204, 0.572657037901216, 0.576040609681168]
0.5739156828480316
rmse
[1.2605839242865091, 1.2626842975910502, 1.2592866775695812, 1.260990325065913, 1.2651877905524946, 1.262488206709625, 1.2634792626547218, 1.2599462180004046, 1.2668021910451308, 1.2622191080825755, 1.262866041449609, 1.262054021593352, 1.2667546587234124, 1.2623226164536006, 1.2613298890476077, 1.2628498690098535, 1.2632202378959911, 1.2594472321489816, 1.2646681279426946, 1.2626022819150335]
1.262589148886907
+++++++++++++++topK: 50
==================================================================================================================================
density = 0.05
mae
[0.6478532256177159, 0.6507873256332786, 0.6547376127903233, 0.646933453258969, 0.6490118192225329, 0.6442539981652274, 0.6485149995287821, 0.6480789457830628, 0.6467963735343699, 0.6468280788180844, 0.6465310325862483, 0.6491226932067781, 0.6451904039390621, 0.6503451691286322, 0.6408199038949111, 0.6418354699956709, 0.6457436650096079, 0.6474835411131438, 0.6452585807767633, 0.6515361502267324]
0.6473831221114948
nmae
[0.7128549622002999, 0.716123368573911, 0.7212026245293488, 0.7125098784565511, 0.7149005160077639, 0.7090070343979189, 0.7138982784828327, 0.7132409540351339, 0.711630366932223, 0.7119735347117909, 0.7116899722675876, 0.7144694587948778, 0.7103840838040364, 0.7160339872705201, 0.7049341511161571, 0.7064380460428046, 0.7107947316961157, 0.7126152471045725, 0.7101054335288082, 0.717254532689929]
0.7126030581321591
rmse
[1.3838643848733136, 1.3862339735686002, 1.384437006518071, 1.3808021648870406, 1.3929105835625848, 1.379776200455289, 1.3863291467397678, 1.381473232047657, 1.3851718615399344, 1.3835370085143268, 1.3815839628151776, 1.380003245230581, 1.3843712450251935, 1.3817909671080557, 1.3838863366770549, 1.382414376470274, 1.3821223567405267, 1.377988106899311, 1.3821365681141589, 1.382547554001372]
1.3831690140894146
==================================================================================================================================
density = 0.1
mae
[0.6051345873792717, 0.6069778772265157, 0.6077343120129454, 0.6050740244819114, 0.605096722239121, 0.6041321407774014, 0.6052864451628114, 0.6076966513644462, 0.6026690814465877, 0.6051865415196849, 0.6046234768965535, 0.6051117556380234, 0.6031379359449078, 0.6059794996527493, 0.6048224650968791, 0.602190348070898, 0.6036663557766364, 0.6041008684725315, 0.6014446926225957, 0.6090179187469739]
0.6049541850264724
nmae
[0.6659778294317785, 0.6677401995470751, 0.668989602005642, 0.6664880515126571, 0.666682940836339, 0.6648518984860518, 0.6663155425660713, 0.6690917987968164, 0.6628560989843822, 0.6658567442139857, 0.6653437337261793, 0.6656972129228628, 0.6641799567832345, 0.6667981384017951, 0.6657432331486093, 0.6625161556216012, 0.664503250372265, 0.6651137815703108, 0.6616002926617144, 0.670615332209684]
0.6658480896899527
rmse
[1.3280618399626587, 1.3302875215235646, 1.3294835557921667, 1.3263145304541553, 1.3344350988992373, 1.3290720823956264, 1.3310178598339137, 1.3277724976779266, 1.329323444754144, 1.3294885194309645, 1.3310564006981447, 1.3270788357111385, 1.3326580706538134, 1.3294894956157015, 1.326358444621084, 1.3311704088962493, 1.329200218354422, 1.3249946021663255, 1.331602379743782, 1.3308001638632962]
1.3294832985524156
==================================================================================================================================
density = 0.15000000000000002
mae
[0.5746661491422129, 0.5735527073802709, 0.5777970466177034, 0.5741935386583567, 0.5720333715806305, 0.5747468448866041, 0.5716285884017879, 0.5775773671972099, 0.5729351334440096, 0.5748258069176021, 0.5734615121025961, 0.5743781018008075, 0.5733839395092749, 0.5749960029810152, 0.5727042472476216, 0.573767316894675, 0.5732256358779726, 0.5730730862466684, 0.5746674786278063, 0.5773003817147211]
0.5742457128614774
nmae
[0.6326238426365013, 0.630871279833812, 0.6366048297230787, 0.6327942082541321, 0.6303207721136187, 0.6328747294333325, 0.6288075892741329, 0.6363026650951984, 0.6301959568988169, 0.6327291857237413, 0.6310027628235007, 0.6321216359533005, 0.6319603179328788, 0.6327860779665032, 0.6303932752966953, 0.6315531087011883, 0.6312244017925461, 0.6312220278828105, 0.6325983611145604, 0.6362711643654921]
0.632262909640792
rmse
[1.2973352404734324, 1.3001087092481893, 1.297223864985973, 1.296511757641254, 1.299472629953689, 1.2978998647227205, 1.2966009178499098, 1.2972015683613551, 1.30379273352043, 1.297153755239194, 1.299757226251159, 1.2958965139784047, 1.3020427860016932, 1.2971678173993801, 1.2957947553685782, 1.2995437458339412, 1.2973434872449408, 1.2945753085816147, 1.2983890097770348, 1.298740495986162]
1.2981276094209528
==================================================================================================================================
density = 0.2
mae
[0.5275838198169558, 0.5283209837205219, 0.5300423874705408, 0.5284270163563436, 0.5276992199709148, 0.5294966772963446, 0.5269881799880065, 0.5333405937261354, 0.5269995048712814, 0.5310854131758157, 0.5271793736476484, 0.5281548022679244, 0.5262730397443927, 0.5288198828446405, 0.5281220189408421, 0.5292639476704195, 0.5277689982299033, 0.5272256492861508, 0.5275537094760597, 0.5301102423493198]
0.5285227730425082
nmae
[0.5809727917424987, 0.5816422653711041, 0.5842554553742011, 0.5822783816792626, 0.5812494411715557, 0.5827515040111372, 0.5793480398391306, 0.5876657200989561, 0.5792620074012421, 0.5843585235706419, 0.5801018351116386, 0.5814360640087247, 0.5801831302152479, 0.5818296317893797, 0.5814069080954539, 0.5825508303364916, 0.5809554666227635, 0.5807716708244054, 0.5805372164449574, 0.5843637462903252]
0.581896031499956
rmse
[1.2657240959321485, 1.2678118609355535, 1.264574585515754, 1.2662068579166665, 1.2703658483332694, 1.2677061993495553, 1.268476726335614, 1.2652023935227859, 1.2718871496772712, 1.2675045117911234, 1.2678231925431842, 1.2671260714559411, 1.2717117994715874, 1.2675028896211378, 1.2662703152568215, 1.2677930420154657, 1.2683537800839513, 1.264494096392144, 1.2697267288966185, 1.2677655346542744]
1.2677013839850435
程序运行时间：9980.878309766464 秒
