Parameter setting:
----------------------------------------------------------------------------------------------------------------------------------
currentDate:2019-06-12 21:59:13
dataPath:..\DataSet\tpData.txt
program path:D:\PycharmProject\cythonPaper\cUIPCC
outPath:C:\Users\Administrator\Desktop\实验数据201906\UIPCC\2019-06-12UIPCC_参数分析topK分析tp.txt
parallelMode:True
threadNum:3
metrics:['MAE', 'NMAE', 'RMSE']
density:[0.05 0.1  0.15 0.2 ]
rounds:20
topK:[ 5 10 15 20 25 30 35 40 45 50]
lambda:0.8
numUser:339
numService:5825
method:mainUIPCC.py
saveData:True
----------------------------------------------------------------------------------------------------------------------------------
数据集:  (339, 5825)
+++++++++++++++topK: 5
==================================================================================================================================
density = 0.05
mae
[25.784596492422907, 25.872870883753247, 26.23872547124334, 25.79226340346661, 25.745345645814975, 25.69202004143112, 25.382795064418318, 25.85807853651855, 26.006019070717105, 25.567879924280295, 26.04869698080515, 25.729538478112467, 26.07961302758154, 25.704593225931042, 25.96572327193584, 25.54083345646942, 25.819369580053635, 25.812999192164213, 25.64211118976648, 25.817909944734033]
25.805099144081016
nmae
[0.542579521049656, 0.5441371768996428, 0.5519068693594446, 0.5424551169156725, 0.5412331665126896, 0.5397642664034187, 0.5335280374329118, 0.5436863617632494, 0.5467620355266405, 0.5376937625605667, 0.5478413764606781, 0.5407990569268588, 0.5482236209852688, 0.5401272993829029, 0.5459523694527214, 0.5368048977035533, 0.5427885545483987, 0.5426454165432212, 0.5391560607207913, 0.5427053722294888]
0.5425395169688887
rmse
[59.345879750864675, 59.74390036957458, 60.15384295501795, 59.816840313510916, 59.87829792091955, 59.74485828166598, 59.717132780487404, 59.88303361829331, 59.74251397574058, 59.636468027407204, 59.78775599955546, 59.713254459432406, 60.1915783417886, 59.91451969497395, 59.48560849923453, 59.97335271553449, 59.84459880405867, 59.598305698402434, 59.986022708052296, 59.95362802203546]
59.80556964682752
==================================================================================================================================
density = 0.1
mae
[21.87104058797054, 22.166047025585634, 22.153299310948366, 22.14473469648847, 22.05897091138486, 22.006477604021136, 21.736965473495907, 21.996990482851988, 21.909958842667326, 21.60524263817611, 21.95398206538376, 21.894157767472898, 22.171931411295734, 21.891539985894244, 22.033197765477617, 21.792612310793096, 21.83721588017749, 21.87366792162085, 21.700710161250488, 21.897687915702694]
21.93482153793296
nmae
[0.46008400574639113, 0.4664416351528042, 0.4659323039537424, 0.46568844289329575, 0.4635868631382947, 0.46221179108413185, 0.4570807463171646, 0.46283336259293617, 0.4606284404313705, 0.45462632581302015, 0.46154192850757225, 0.46034151707888377, 0.4661704429522707, 0.46005634925474453, 0.463489202377337, 0.45783970693222015, 0.4586897734730805, 0.4598890575916877, 0.45630946691457963, 0.46039698027102527]
0.4611919171238276
rmse
[53.26919400706816, 53.216363892101185, 53.425837930584414, 53.589024973814574, 53.5981788489417, 53.533011413204484, 53.065134275697226, 53.19196755287057, 53.226268451461266, 52.98394383206916, 53.536615457782744, 53.17210315727949, 53.3806448083113, 53.349078907907675, 53.28152006138806, 53.41451882129002, 53.190270004486244, 53.46811972576474, 53.27096004253477, 53.52687501842125]
53.33448155914895
==================================================================================================================================
density = 0.15000000000000002
mae
[20.023477169788574, 20.479695588258835, 20.05862275656041, 20.354438380764385, 20.182433452916317, 20.163743457582818, 20.14802503672073, 20.08605662614488, 20.02460825983344, 19.843904906766635, 19.973476298524428, 20.063991545375988, 20.323921531423938, 20.02658986212732, 20.049963045160418, 19.90374958479975, 20.046540949770154, 19.87691975932883, 19.918868589384402, 20.079220100023804]
20.0814123450628
nmae
[0.42146513342280795, 0.43111317469264226, 0.4219975955759308, 0.4277783899550536, 0.4243002662393201, 0.4235972037427301, 0.4238405860586138, 0.4228806423637247, 0.4210113525161089, 0.4177643059973898, 0.4198699222369251, 0.4218962669399466, 0.427409693093553, 0.42087086389671474, 0.42179284916393717, 0.4184199418867678, 0.42094409836546615, 0.4178854788607187, 0.41915339416507946, 0.4219253716876476]
0.4222958265430539
rmse
[49.65974452690057, 49.96301118909116, 49.43540916408904, 49.865653025796334, 49.72990733267407, 49.72860034291442, 49.587013380256984, 49.60054993116449, 49.298503992693696, 49.36263636929167, 49.66458730995577, 49.39790304487799, 49.78313818652291, 49.7017269364367, 49.2722306027278, 49.42981379580398, 49.65752123408902, 49.4635533658785, 49.70693782613428, 49.44505941219427]
49.58767504847468
==================================================================================================================================
density = 0.2
mae
[18.4745039366266, 18.895551492945955, 18.637978298287972, 18.63261232915972, 18.642263731548745, 18.634400258712624, 18.661260949925335, 18.733266561596917, 18.427234467337723, 18.497180611069272, 18.345731831969147, 18.418836172459894, 18.805528452754892, 18.45359880282429, 18.561600003137464, 18.480402821506267, 18.561556906554898, 18.463035454073847, 18.51549112021713, 18.731970146308917]
18.578700217450884
nmae
[0.3889440247768628, 0.39819602249879593, 0.39190816439451825, 0.3914264666542722, 0.39189882514465546, 0.39151583823617836, 0.3922417576966447, 0.3947590884020393, 0.3873856279580082, 0.3892385682590763, 0.38562148085259906, 0.38730902606791956, 0.39544755706031137, 0.3878565838056935, 0.39027072209565583, 0.3883717317170309, 0.38988223943923506, 0.38787143704150717, 0.3897686805367121, 0.393638315000114]
0.39067760788189154
rmse
[46.63732524963578, 47.32567407370552, 46.88902405093944, 46.82871487424838, 46.83917467898156, 46.91195139404816, 46.91919485498416, 46.708815780225095, 46.673416544323345, 46.75864750983338, 46.93760477272924, 46.419622627762294, 46.881974953699185, 46.80188581053295, 46.64078625843799, 46.68624833154345, 46.963453145943134, 46.860127213552815, 46.84717352408246, 46.938224611253794]
46.82345201302311
+++++++++++++++topK: 10
==================================================================================================================================
density = 0.05
mae
[26.55136353550892, 26.52935454895129, 26.891144511393115, 26.49327547137321, 26.48599595791435, 26.417335905132386, 26.072785049358682, 26.61919433280359, 26.73311667482771, 26.26973669206582, 26.71451276546431, 26.382527470921993, 26.760370700664012, 26.37607009659186, 26.67691002317922, 26.29083276012467, 26.46113474962768, 26.576066451635498, 26.295417889608448, 26.50766155253673]
26.505240356984178
nmae
[0.5587144291571583, 0.5579438073994651, 0.5656298891895878, 0.5571985916277236, 0.5568035348119135, 0.5550024448125178, 0.5480311290577439, 0.559689417735809, 0.5620488568186274, 0.5524538446388159, 0.5618444352780043, 0.554523975925908, 0.5625339344149994, 0.5542369561886069, 0.560905701886344, 0.5525680207105832, 0.5562800841410387, 0.5586867509028483, 0.5528926155669409, 0.5572042958007518]
0.5572596358032694
rmse
[60.679439875220275, 60.895802054446655, 61.28625392988922, 60.98570638356873, 61.06742998800916, 61.04033931016586, 60.95617775730388, 61.119107358460674, 61.000873825606504, 60.82095756952849, 60.95515689159512, 60.827488002218786, 61.292216309221764, 61.0025024394041, 60.643956630298575, 61.259911186791946, 61.01540803968087, 60.916096528078626, 61.09790661727457, 61.080875589633315]
60.99718031431985
==================================================================================================================================
density = 0.1
mae
[22.353146690513963, 22.562688655735602, 22.639262702940513, 22.584709475176407, 22.519222255503422, 22.52511607796845, 22.177634039039106, 22.49073103205574, 22.40845769281201, 22.080633643787206, 22.412456493909662, 22.438803657114953, 22.57780154138154, 22.415664813069938, 22.553148693234792, 22.287599339770434, 22.39906651785421, 22.442945058098882, 22.178315096746395, 22.384584180024905]
22.421599382836906
nmae
[0.4702256954369565, 0.4747881919530886, 0.47615317623510844, 0.47494080795468424, 0.4732594121312755, 0.47310498454661154, 0.4663470405044832, 0.4732220382081119, 0.4711087315879113, 0.46462969720879604, 0.4711805066608679, 0.47179311607489943, 0.4747039646745508, 0.4710709674451319, 0.474426863054042, 0.46823886023473615, 0.4704914217754897, 0.47185798419062347, 0.46635225592436347, 0.470633931800435]
0.4714264823801084
rmse
[54.59405333414353, 54.41612954813231, 54.696305623796086, 54.74144083975851, 54.78877865014188, 54.94892683466383, 54.36998338584048, 54.372313375894485, 54.56593881571287, 54.33016233084313, 54.803068281296845, 54.627465953032214, 54.640729473012584, 54.61564172688523, 54.58103584139022, 54.82570145040164, 54.52988959130258, 54.818760335158586, 54.53476010017156, 54.837390183195375]
54.63192378373869
==================================================================================================================================
density = 0.15000000000000002
mae
[20.252512500723277, 20.569045794857683, 20.35263040665355, 20.538295561866175, 20.354013739794297, 20.400425219321768, 20.32998038009045, 20.33778958629057, 20.3325696184265, 20.033990122509383, 20.21983416378441, 20.330741387191186, 20.447026859183683, 20.26335655633373, 20.297472367528194, 20.199344923353852, 20.25752927870164, 20.15490041029352, 20.15159641443902, 20.30099665227485]
20.306202597180892
nmae
[0.42628599472938344, 0.432994064526198, 0.42818299139926347, 0.4316424184014353, 0.42790744084359095, 0.42856938227993613, 0.4276682594523963, 0.42818048781731, 0.42748614724974837, 0.42176607977166614, 0.42504870314532434, 0.4275053583420305, 0.42999858374020405, 0.4258466587683652, 0.42699972470984193, 0.424633996371972, 0.4253745031974139, 0.42372964781893346, 0.4240506932938205, 0.426585570329527]
0.4270228353094181
rmse
[50.708656742705784, 50.77196077871452, 50.54407864402777, 50.862499926085356, 50.73540798749015, 50.76549475277134, 50.56856776357632, 50.59812965470975, 50.45605819880362, 50.33660059839086, 50.7618208975148, 50.589527566615196, 50.79539253716282, 50.656944082983514, 50.481749054073234, 50.656478002843855, 50.64826385820783, 50.71153076481281, 50.78177692981489, 50.60654836718194]
50.65187435542431
==================================================================================================================================
density = 0.2
mae
[18.837236524386736, 19.143218259967046, 18.999893352706025, 18.93696713813522, 19.01522472138991, 19.051980879891968, 19.006886058263458, 19.027317962626785, 18.80657280683222, 18.839540564516703, 18.738834026076443, 18.79919806255954, 19.096119539169692, 18.837590602553, 18.9172639698017, 18.86877735587574, 18.92221681401802, 18.812751716885714, 18.928893803608013, 19.092133526526293]
18.933930884289513
nmae
[0.39658063970764046, 0.40341523621530223, 0.3995182958354777, 0.39782023073748, 0.3997392342198787, 0.40028936594098197, 0.3995064650689073, 0.4009555231045624, 0.3953602494951734, 0.3964428931186917, 0.3938843646452153, 0.395307229202389, 0.40155818221583045, 0.39592729940125443, 0.3977488076631712, 0.3965335500455977, 0.3974578373864101, 0.39521827606757287, 0.398471199815807, 0.40120687853113424]
0.39814708792092396
rmse
[47.778426385455205, 48.202754276899725, 48.00172241490145, 47.975275118954826, 47.96417573002398, 48.23672768257701, 47.94250271645408, 47.67399952578787, 47.71567432290344, 47.853753402181006, 48.053544943925246, 47.57393201932199, 47.97384804531262, 47.923461769525204, 47.807774392587056, 47.96406336037663, 48.022197312545536, 48.0177607278357, 48.098159075208365, 48.01715406238048]
47.93984536425788
+++++++++++++++topK: 15
==================================================================================================================================
density = 0.05
mae
[27.323454958288337, 27.244791240401693, 27.62188106129086, 27.249388380805776, 27.238922412522392, 27.16399196176116, 26.835310651323553, 27.370652436185015, 27.476240346734105, 27.045454011520615, 27.425396553483953, 27.10740629427971, 27.486006602587484, 27.1067618625094, 27.401586444608405, 27.03981680610592, 27.19894960624354, 27.330343061453775, 27.049006491161137, 27.253160575077914]
27.248426087917238
nmae
[0.5749613770006627, 0.5729902899983753, 0.5810002440501005, 0.5731009306458869, 0.5726319790979169, 0.5706889598476138, 0.5640588670147414, 0.5754894131479958, 0.577672617240963, 0.5687672177231815, 0.57679533870397, 0.5697599190187692, 0.5777876401064403, 0.5695908879445946, 0.5761426666041107, 0.568309805522336, 0.571790821469662, 0.5745432866768042, 0.5687377173532319, 0.5728750578953983]
0.5728847518531377
rmse
[61.746952658505734, 61.918668017886326, 62.31177024911496, 62.02013910610695, 62.04126424240073, 62.061129439953476, 62.0273891824567, 62.15214826719993, 62.06540522719898, 61.879323845988814, 61.94144357705424, 61.80383607062627, 62.29823300298294, 61.97470213006548, 61.610045667895335, 62.25854165050082, 62.0423878807318, 61.96457028377355, 62.11949551716418, 62.078685705269]
62.015806586143825
==================================================================================================================================
density = 0.1
mae
[23.182237755214555, 23.34997707136526, 23.428517475437104, 23.363637258481823, 23.343162035412476, 23.34571006885223, 22.971313665413746, 23.306747899159916, 23.20751657590388, 22.89016829676185, 23.2238783194788, 23.243395358213856, 23.341287136049157, 23.224806552656588, 23.37004482055739, 23.0993166307686, 23.236752124793504, 23.286426521590865, 22.99904947155845, 23.183473540065823]
23.229870928886793
nmae
[0.4876666368792121, 0.49135515562952947, 0.49275292913846414, 0.4913211200923296, 0.49057516360115744, 0.49034028340288843, 0.4830363836606098, 0.4903916519709038, 0.4879079072401569, 0.48166425549002856, 0.48823915201691115, 0.48871027581434445, 0.4907564416217127, 0.48807528943361356, 0.4916110475064289, 0.4852921809345385, 0.48808697165680187, 0.48959199646197016, 0.4836101641801815, 0.4874305109803647]
0.4884207758856074
rmse
[56.1223577714477, 55.94081889436574, 56.23658023931343, 56.221460075148784, 56.32696727908176, 56.50851479655291, 55.92296792314269, 55.92581720928138, 56.13872136522446, 55.914298487304535, 56.34102367758799, 56.17803900434105, 56.22472657861898, 56.15437949286281, 56.14263979881407, 56.43387281415709, 56.135626821956684, 56.38850792397053, 56.09802780105035, 56.36446505381669]
56.18599065040198
==================================================================================================================================
density = 0.15000000000000002
mae
[20.71133983518751, 20.986721950092367, 20.818768198727216, 21.01326171921353, 20.78349570699984, 20.91306933955359, 20.73580006499, 20.818883351879606, 20.810716258642525, 20.492434007537096, 20.696622435116023, 20.78707754020063, 20.88102757231655, 20.763268566947957, 20.793271928974256, 20.718397030219073, 20.74423609794833, 20.65577023475446, 20.583343874525823, 20.76787328306864]
20.77376894984475
nmae
[0.4359436442024615, 0.4417864653946892, 0.43798969796379195, 0.44162452914663786, 0.43693654595400405, 0.4393389408344856, 0.4362052179269099, 0.4383091678472499, 0.437539036229463, 0.4314174811650503, 0.4350714478801641, 0.437100982372723, 0.43912556798464214, 0.4363526111660544, 0.43742990401568577, 0.4355455962926527, 0.43559453884892474, 0.43425976158786944, 0.4331359690214781, 0.4363960657072689]
0.43685515857711027
rmse
[51.9891399251921, 51.97374505766892, 51.83377921046377, 52.17009706204543, 52.09172378354014, 52.15037503040384, 51.784857413202225, 51.867919916920556, 51.82458785680003, 51.673304618027416, 52.14744118932058, 51.96133913160247, 52.188928451064534, 52.0121963780504, 51.87616343607481, 52.09251277630121, 52.00831191532539, 52.057396851667505, 52.02396169655768, 52.00330954334014]
51.98655456217845
==================================================================================================================================
density = 0.2
mae
[19.31838294838608, 19.56984479399634, 19.468199017556575, 19.409771954098648, 19.480704066628483, 19.573560850994017, 19.44628312970737, 19.478408065710138, 19.334574635552247, 19.33946361831269, 19.230941676005774, 19.316624887089006, 19.521684887359825, 19.351766899378003, 19.3883847898542, 19.38300288475569, 19.387824620392983, 19.324470816457406, 19.40982355233086, 19.574826410174822]
19.415427225237053
nmae
[0.4067102230133274, 0.4124057644359964, 0.4093655448530384, 0.4077527251864768, 0.4095245699041597, 0.4112479595505478, 0.4087421689204527, 0.4104611753780112, 0.4064601419041093, 0.40696283871422784, 0.4042283118064811, 0.4061876169529229, 0.4105070813512151, 0.4067342246027434, 0.40765445494600827, 0.40734016833596326, 0.40723784749891057, 0.40596847058494645, 0.4085952279808432, 0.41135030775389503]
0.40827184118371385
rmse
[49.138643783458335, 49.32450132369531, 49.24181724345361, 49.26463924486199, 49.2464476393443, 49.542395420789745, 49.10228113603006, 48.9215048650152, 48.99929528584006, 49.13902014605497, 49.31418618558446, 48.93019140580199, 49.23398704001382, 49.19940503019784, 49.107200852422636, 49.289553271297684, 49.263817736401315, 49.31309894601174, 49.34364950924968, 49.351135369323586]
49.213338571742426
+++++++++++++++topK: 20
==================================================================================================================================
density = 0.05
mae
[27.64545249944011, 27.547138880343304, 27.930415336537866, 27.562153319055465, 27.55114772764513, 27.46474318036282, 27.145573822280987, 27.68419780285943, 27.775463458564616, 27.355787759555298, 27.717497111737107, 27.41559591592152, 27.79027488716441, 27.403015971534558, 27.68847907327632, 27.355241454989756, 27.513209461316098, 27.630430830141513, 27.367828217895063, 27.561180722204412]
27.55524137164129
nmae
[0.5817370995413912, 0.5793490196491852, 0.5874899718430256, 0.579678908642287, 0.5791957556458838, 0.5770074494259606, 0.5705803749995212, 0.5820819501539527, 0.5839636161537987, 0.5752935515891282, 0.5829386314765896, 0.5762376355499195, 0.5841837112653692, 0.5758160372956226, 0.5821748386626128, 0.5749392483972464, 0.5783973597105956, 0.5808517846171953, 0.5754413255306531, 0.5793497953531669]
0.5793354032751552
rmse
[62.151541327927504, 62.30022043565399, 62.68658261082906, 62.40004868224299, 62.39168418659612, 62.42835838346386, 62.40641134968627, 62.53881865689602, 62.44557859516462, 62.248584738782476, 62.29992127042419, 62.17420708327046, 62.67727013343598, 62.32185602527233, 61.934325255443, 62.621766567871106, 62.42365140973601, 62.33098441996624, 62.493966834015566, 62.438242084356325]
62.3857010025517
==================================================================================================================================
density = 0.1
mae
[24.062201604906434, 24.20518415739292, 24.27357174724539, 24.18889660817269, 24.20238219209027, 24.2107884194442, 23.830554712119046, 24.17370900718288, 24.04724090004958, 23.76529191036621, 24.073281992811637, 24.08942278986867, 24.161262962361924, 24.080481004908883, 24.215579891998775, 23.942724927781075, 24.100845154771147, 24.138787617521462, 23.866678937856253, 24.029790039230996]
24.08293382890402
nmae
[0.5061777493820591, 0.5093513365065512, 0.5105262674707368, 0.5086757530020486, 0.5086323603207865, 0.5085099069587344, 0.501104339805329, 0.5086331711994715, 0.5055620209973342, 0.5000789634268031, 0.5060962955776505, 0.5064986536781841, 0.5079966399189001, 0.5060575083596186, 0.5093976792979553, 0.5030112961108844, 0.5062372083149418, 0.5075127010525285, 0.5018541541834524, 0.505224241627598]
0.5063569123595785
rmse
[57.47178221967723, 57.31317783736224, 57.58284883442723, 57.530774597901114, 57.66478492718548, 57.85250415278238, 57.30467762666104, 57.27781815342875, 57.500104154716524, 57.27590245378189, 57.67081262958708, 57.53196771689366, 57.57436952983818, 57.48421101517631, 57.49650196609641, 57.75127123563109, 57.51163443742777, 57.69378984170261, 57.46146814729805, 57.66153211563987]
57.53059667966075
==================================================================================================================================
density = 0.15000000000000002
mae
[21.295704620317636, 21.53304022154727, 21.387369125019614, 21.570024323389855, 21.34452894543248, 21.499673263805985, 21.289016212344915, 21.39613408915678, 21.36744016236868, 21.042826229156724, 21.283895197554134, 21.33121291309969, 21.427570492585044, 21.356234875935506, 21.38145550526453, 21.3117385847583, 21.34003121542208, 21.271511701852447, 21.13817686788992, 21.344009465492697]
21.345579700619716
nmae
[0.4482436748137312, 0.4532868806906347, 0.4499520458602426, 0.45332571224716545, 0.4487312858198094, 0.45166223697939767, 0.447842857630288, 0.4504622831713879, 0.4492439884884265, 0.44300462722181655, 0.44741672846184083, 0.4485428074959496, 0.45061930168427444, 0.44881415576467765, 0.4498035740277505, 0.44801892136698473, 0.44810524776194594, 0.4472048969985953, 0.4448113375957391, 0.4485024359597512]
0.44887975000202057
rmse
[53.2747125936144, 53.21057069349118, 53.13629697733439, 53.43891453967196, 53.40157667986367, 53.48183617103387, 53.10623563940229, 53.136977466724154, 53.180984965726864, 52.95552750733894, 53.48842411560021, 53.27296916607147, 53.488722952400266, 53.32932109109827, 53.19112325615073, 53.41627594079918, 53.37738500667059, 53.408936851405784, 53.325739988094625, 53.34249948743651]
53.29825155449646
==================================================================================================================================
density = 0.2
mae
[19.750100097134453, 19.9909396734293, 19.9088281322885, 19.859729305602865, 19.902531997519556, 20.036531433775103, 19.84271708469816, 19.906148760190387, 19.831399583196948, 19.77664337268332, 19.6757841030992, 19.748665971854695, 19.93356904855962, 19.82314144673784, 19.823521634907472, 19.839115458883057, 19.811427829368824, 19.79315740330336, 19.818814838603217, 19.97915725156023]
19.852596221369808
nmae
[0.41579917100215463, 0.4212797211526031, 0.4186308280704372, 0.41720524924123736, 0.4183922628469243, 0.4209751476156147, 0.41707482938393775, 0.4194747943360433, 0.41690461986794525, 0.41616246893037256, 0.41357875893243906, 0.415272523849056, 0.419168288918314, 0.41664154531483993, 0.4168035137933416, 0.4169255238058999, 0.4161355584280419, 0.4158146381024284, 0.4172048831591132, 0.41984701738253455]
0.417464567206664
rmse
[50.343377607174084, 50.41472114630655, 50.3973392288356, 50.435598973068096, 50.449652825361404, 50.73707794910337, 50.206493642151905, 50.091385484846064, 50.24173932432046, 50.33159886306097, 50.51092860721856, 50.18207879341631, 50.4484890513293, 50.392315567929344, 50.3159419940647, 50.49525225921495, 50.42967311647019, 50.50587497566723, 50.45791184996283, 50.50754201318687]
50.394749663634435
+++++++++++++++topK: 25
==================================================================================================================================
density = 0.05
mae
[27.716286430828543, 27.615871660425633, 27.998831033003206, 27.6327054509749, 27.62078676317648, 27.52772960683629, 27.215820143209267, 27.757272707863216, 27.842788101074454, 27.421832253796996, 27.780944650388808, 27.48173663481529, 27.862826295355593, 27.46927100122591, 27.753648061669715, 27.42551739162814, 27.58519662989991, 27.693948669843685, 27.438784269882767, 27.62746384372584]
27.623463079981235
nmae
[0.5832276421829289, 0.5807945515765272, 0.5889290315600312, 0.5811627398350105, 0.5806597467001133, 0.5783307327732412, 0.5720569019795734, 0.5836184072879038, 0.5853790791848641, 0.5766824705261069, 0.584273024015825, 0.5776278213254104, 0.585708825754763, 0.5772082456820063, 0.5835450744636954, 0.5764162740801587, 0.5799107123530949, 0.582187067833474, 0.5769332614009436, 0.5807430996994453]
0.5807697355107558
rmse
[62.24821829146933, 62.3877963268919, 62.77038965060483, 62.483787051614726, 62.47201784404839, 62.51044468728751, 62.48777305167937, 62.634042920438375, 62.52779527698949, 62.327632166831286, 62.37530336286802, 62.25888193643832, 62.76879207365624, 62.39606101180452, 62.0120924603504, 62.70890399327251, 62.508545503302614, 62.40811018689621, 62.576565230149455, 62.512675119391055]
62.468791407299236
==================================================================================================================================
density = 0.1
mae
[24.85284251354811, 24.97064825207369, 25.033464055919197, 24.95198016701465, 24.961271801152982, 24.979833330658398, 24.612948116143897, 24.955485683054217, 24.81630148590618, 24.54956106357701, 24.833167516269707, 24.845417874261408, 24.922993675289828, 24.863975334200823, 24.982582327748833, 24.693744449203447, 24.873120897070923, 24.91263965119932, 24.649583716673273, 24.802294476223178]
24.85319281935945
nmae
[0.5228098449100105, 0.5254590495129132, 0.5265084635837165, 0.524722872066019, 0.5245810305804701, 0.524662497674638, 0.5175563584397309, 0.5250823453704714, 0.5217305213949933, 0.5165818747591988, 0.5220714853585888, 0.5223940321508177, 0.5240122200354362, 0.5225228434172756, 0.5255323026491002, 0.518789420949002, 0.5224588268233613, 0.523782769874948, 0.5183166044725117, 0.5214660800996008]
0.5225520722061402
rmse
[58.54027268260554, 58.40810526534166, 58.6355399790983, 58.58695332243786, 58.69424562341265, 58.891096472813686, 58.38311332143665, 58.35228137961545, 58.571904035653795, 58.34075629370714, 58.690844168448514, 58.57997094055908, 58.622253569584544, 58.537158174211804, 58.541319302214596, 58.75818107563994, 58.5827678129933, 58.720879268734166, 58.52351796133443, 58.69384212348537]
58.58275013866643
==================================================================================================================================
density = 0.15000000000000002
mae
[21.95653452690681, 22.181621714856036, 22.039215196234927, 22.198278962658797, 22.010769308195805, 22.15202978917047, 21.941897811750547, 22.044739167340733, 21.9884175265216, 21.68871690804822, 21.944638473847444, 21.96728910047637, 22.074482126047652, 22.009458226173855, 22.03844808627585, 21.96770667222304, 22.01116147928396, 21.95964314697855, 21.793549747441972, 22.008331529794678]
21.998846475011366
nmae
[0.46215318525433613, 0.46694001461648954, 0.46366572291957675, 0.4665294053700492, 0.4627378209563845, 0.4653668549026038, 0.46157709308089107, 0.4641176530236159, 0.46229985038452753, 0.4566022569466636, 0.4613064602185676, 0.46191792123324893, 0.4642237776850992, 0.4625420384259305, 0.46362478516914574, 0.46180879185682355, 0.462197869751694, 0.4616719342431703, 0.45860237023774286, 0.46246185930909667]
0.4626173832792829
rmse
[54.465273976132394, 54.409315012548696, 54.35013657241926, 54.62170612295705, 54.61004676461682, 54.6820043060311, 54.343187009525636, 54.35042244344118, 54.401017938403584, 54.16000680057295, 54.73287765685639, 54.48332790695955, 54.71101660586997, 54.5385400254859, 54.40226885880225, 54.60713335341743, 54.632969775058996, 54.65473076147596, 54.55019849650405, 54.57036415440166]
54.513827227074046
==================================================================================================================================
density = 0.2
mae
[20.20614170532693, 20.44367894643699, 20.369759412523994, 20.334594677648013, 20.35073978449136, 20.495199993568033, 20.271562628003753, 20.348733187012556, 20.31954087544485, 20.191569409275033, 20.13378151324271, 20.185363174765055, 20.373876530070753, 20.295355903448282, 20.264723798393195, 20.286153936045505, 20.256070038683884, 20.268929059477735, 20.234400532555256, 20.404584765745646]
20.301737993607976
nmae
[0.4254002222219626, 0.4308205370323598, 0.428323012976871, 0.4271810310281641, 0.42781451476141025, 0.4306119485411475, 0.42608875026194953, 0.4288012096891148, 0.4271665461143858, 0.42489381127990455, 0.42320571964154685, 0.4244553390259829, 0.4284271894781357, 0.4265665191890602, 0.42608010023549275, 0.4263201841494331, 0.4254751898603462, 0.4258096487518422, 0.4259533568847035, 0.4287870577803478]
0.426909094445208
rmse
[51.46057709711536, 51.473585974344026, 51.5203233171174, 51.540683306918616, 51.6145266714893, 51.85030322270556, 51.31015934215506, 51.1920657993528, 51.41926191380971, 51.41564929467818, 51.652094711753, 51.355237922128566, 51.579723767827176, 51.53028045161994, 51.41940798964327, 51.629876869731824, 51.55344618845471, 51.658665586475124, 51.546548707875885, 51.63136256019884]
51.51768903476972
+++++++++++++++topK: 30
==================================================================================================================================
density = 0.05
mae
[27.73752706962752, 27.636695869488005, 28.021319127198158, 27.6531685979202, 27.641946776269876, 27.54868557377618, 27.239109115582185, 27.778415219150972, 27.86551204020381, 27.442876054263337, 27.800061956633467, 27.503417007662655, 27.887470668814824, 27.492040374214287, 27.77438837446027, 27.447091707979435, 27.60906026024274, 27.71299278919115, 27.46045045715905, 27.64892468479124]
27.645057686231475
nmae
[0.5836746042143001, 0.581232509404295, 0.5894020474341672, 0.5815931145793684, 0.5811045844213677, 0.5787709971862318, 0.5725464193748175, 0.584062945153482, 0.5858568373215387, 0.5771250226768847, 0.5846750883254146, 0.5780835125613666, 0.5862268789804932, 0.57768669557743, 0.5839811579416178, 0.5768697126377422, 0.5804123863145718, 0.5825874166654353, 0.5773888189054046, 0.5811942173059318]
0.5812237483490931
rmse
[62.278939225650845, 62.41608063120832, 62.801315519966536, 62.5112801742438, 62.49830425703859, 62.53838291597743, 62.51895982594653, 62.66296019590473, 62.55865052698785, 62.356065363853986, 62.40119179652698, 62.28947759339243, 62.80253411608397, 62.42434941677487, 62.04066782999631, 62.736896502213106, 62.54013951492557, 62.434464650410305, 62.60456914370596, 62.538789920373425]
62.49770095605906
==================================================================================================================================
density = 0.1
mae
[25.47713738301805, 25.57625574901544, 25.627572343892187, 25.555116097412142, 25.53930698988505, 25.576343816774052, 25.22996772340317, 25.567337583094787, 25.419322276428623, 25.159239533712746, 25.4452378606324, 25.437304929358962, 25.533233583331857, 25.474444369525735, 25.58564028690928, 25.30156898716723, 25.493637231862166, 25.525052943456956, 25.27451234109248, 25.404872299208954]
25.46015521645911
nmae
[0.5359426486811594, 0.538202889260625, 0.5390038593948706, 0.5374064032136893, 0.5367289009867704, 0.5371912714815649, 0.5305309285526693, 0.5379561733845997, 0.5344082506541246, 0.52941097774346, 0.5349391339827936, 0.5348389130079273, 0.5368426678192579, 0.5353520073731056, 0.5382181985164957, 0.5315591708238129, 0.5354927455519894, 0.53665862466264, 0.5314572273069469, 0.5341352263194626]
0.5353138109358981
rmse
[59.295598593526144, 59.17220464768173, 59.3790554337976, 59.320436414525226, 59.38054502918269, 59.62219499936761, 59.15327713993309, 59.112410964080446, 59.32385671212039, 59.09390897744087, 59.4286165931474, 59.302820650682534, 59.3747706503109, 59.27508049664017, 59.27130086730403, 59.473178180563345, 59.328335253724255, 59.45517928661327, 59.2755005791552, 59.42170240467757]
59.32299869372373
==================================================================================================================================
density = 0.15000000000000002
mae
[22.635066248858525, 22.857326048856642, 22.715358442228812, 22.84465369406453, 22.70036444325196, 22.824155574273494, 22.61280323352671, 22.727050338004545, 22.63434974768076, 22.373743077116465, 22.6377737799853, 22.630692317639713, 22.74783007496826, 22.694508229560647, 22.71433518221386, 22.639538133018945, 22.68435135521994, 22.652849407451146, 22.477967174464506, 22.694592234881476]
22.67496543686331
nmae
[0.47643529321685674, 0.48116410497609363, 0.4778905691384431, 0.4801139188179703, 0.4772353492194784, 0.4794867827687739, 0.4756904836805779, 0.4784826521627046, 0.4758803806268811, 0.47102378756049257, 0.4758771169604422, 0.475867655021971, 0.47838420630850015, 0.4769387773976058, 0.4778434818952549, 0.47593214482538193, 0.47633374017765295, 0.47624566264849244, 0.4730045882289351, 0.476882280103629]
0.47683564878680695
rmse
[55.51445333852122, 55.48167764755492, 55.42830871162483, 55.675164918552895, 55.685742941802786, 55.76072797775704, 55.42986651588622, 55.434868944159135, 55.47271328593605, 55.23470162673667, 55.82704794422018, 55.57090592374971, 55.797031646214975, 55.60895710592611, 55.47197901674193, 55.6487173952288, 55.722535629045936, 55.74032407815592, 55.62761353284025, 55.65354889080994]
55.58934435357329
==================================================================================================================================
density = 0.2
mae
[20.71711458128617, 20.944404079949525, 20.87450611606404, 20.84389221228732, 20.85741852884682, 20.97806839113781, 20.764140197759552, 20.84223787308155, 20.830091468882355, 20.661059153381302, 20.653189805409287, 20.684021391672477, 20.87581600239309, 20.805561358597387, 20.77305210408437, 20.78491896264722, 20.766591915944797, 20.785496118286787, 20.708382383224322, 20.88652622452254]
20.80182444347293
nmae
[0.43615774229444393, 0.4413725845131811, 0.43893652217313045, 0.43788014991379737, 0.43846594677085204, 0.4407571972643469, 0.43644225704165773, 0.43920064853519947, 0.4378995707901008, 0.4347733447964279, 0.4341235176681899, 0.4349410627993426, 0.4389821036152565, 0.43728998548891684, 0.436768061127346, 0.4368018949093186, 0.4361986121352803, 0.4366616891937817, 0.4359311251941765, 0.43891469637254443]
0.43742493562986456
rmse
[52.51992750062213, 52.499259211715966, 52.569931379495344, 52.588792315022495, 52.708422055659604, 52.89124640233034, 52.38763566043706, 52.239558015843535, 52.529003872265804, 52.45757561181004, 52.752849024811134, 52.45579652954762, 52.656811446056516, 52.5889489247885, 52.48992974168041, 52.69748433992691, 52.63944266447297, 52.73766682410741, 52.58292215459595, 52.69705272044183]
52.58451281978158
+++++++++++++++topK: 35
==================================================================================================================================
density = 0.05
mae
[27.752960033966556, 27.651255745022553, 28.036482326940032, 27.668509677663437, 27.65832903549256, 27.56454868590693, 27.255050487083164, 27.794324512549494, 27.880373531456396, 27.45860341096271, 27.815636852214546, 27.520172978471727, 27.904814623624745, 27.507821419307348, 27.789023050232366, 27.46288345015781, 27.62525958707179, 27.7287286335404, 27.47698298715048, 27.664310833279043]
27.66080359310471
nmae
[0.5839993566455397, 0.5815387208643598, 0.5897209910546636, 0.5819157635487725, 0.5814489815079598, 0.5791042656901612, 0.572881495501356, 0.5843974505125655, 0.5861692918800826, 0.5774557697557924, 0.5850026506691148, 0.5784356997262918, 0.5865914689649397, 0.5780183006408767, 0.5842888649841012, 0.5772016158451716, 0.5807529372008718, 0.5829182183575591, 0.577736435124598, 0.5815176418379766]
0.5815547960156376
rmse
[62.29839328025052, 62.43570097465317, 62.819818855425666, 62.53037484785733, 62.51648737786757, 62.55759746084983, 62.53867405507012, 62.68226414270874, 62.57780023745177, 62.376244008890815, 62.41931514913837, 62.30994005140335, 62.822542681224526, 62.443986126615236, 62.059000224673284, 62.755823211739795, 62.55901276952289, 62.45303250264218, 62.62392598386087, 62.55720653404363]
62.51685702379448
==================================================================================================================================
density = 0.1
mae
[25.86335624813633, 25.94974003178551, 25.99302585743563, 25.921046926284085, 25.892630470118014, 25.942100704208546, 25.605111717525936, 25.94856487993283, 25.788600453003863, 25.544309014141316, 25.830651659253874, 25.800444514442397, 25.911274670320648, 25.84339422377115, 25.953471435751474, 25.68283990015016, 25.8793936456429, 25.90210560744743, 25.665825518577027, 25.787388158236823]
25.835263781808294
nmae
[0.5440672334188503, 0.5460621444249788, 0.5466901455395775, 0.5451016752609561, 0.5441542756577968, 0.5448734253039269, 0.5384193846032211, 0.5459774848383332, 0.5421718449074346, 0.5375137667748888, 0.5430417473200645, 0.5424742022610749, 0.5447910769003874, 0.543105583554205, 0.5459558754348017, 0.539569268951215, 0.5435955423106866, 0.5445860740015603, 0.5396855251869613, 0.5421775889232296]
0.5432006932787076
rmse
[59.7328272091489, 59.60158083173012, 59.80671330591455, 59.725478576604466, 59.76886386560008, 60.04024397832361, 59.59984070502332, 59.5618671472422, 59.74781303690287, 59.53522298214401, 59.853428883302364, 59.700665069764725, 59.8012695738737, 59.69434832142983, 59.67756649832482, 59.87980762057872, 59.746769037348024, 59.88112425153564, 59.707381009025454, 59.85550862388385]
59.74591602638507
==================================================================================================================================
density = 0.15000000000000002
mae
[23.287435299209974, 23.512086451983834, 23.37061930271539, 23.480679300555998, 23.366098855023928, 23.47380834631499, 23.264905808923235, 23.39272947443079, 23.266586103966613, 23.03452000619324, 23.29980219409431, 23.27930565176141, 23.398229755502648, 23.353332352976867, 23.365131373499217, 23.28857393848101, 23.322800072907597, 23.317105684034892, 23.141356528294406, 23.357542154990327]
23.328632432793036
nmae
[0.4901667149132906, 0.4949473096550259, 0.4916760872648016, 0.4934809302198781, 0.49123124762382603, 0.493134600606736, 0.4894083313218562, 0.492497489721892, 0.4891729594387064, 0.48493481044090936, 0.4897938640802773, 0.4895063940403036, 0.4920620355313466, 0.4907843636849922, 0.49153433903693666, 0.48957628372729334, 0.489740103923549, 0.49021075661614094, 0.4869643117977211, 0.4908128705378606]
0.49058179020916715
rmse
[56.41642206187878, 56.42227110361022, 56.359505193933, 56.5806962690649, 56.59701030489963, 56.68035364029106, 56.36327819511127, 56.384186381445566, 56.39527936567705, 56.171397204526066, 56.74010062579098, 56.498060205033, 56.718039434318065, 56.52628816449225, 56.39857409483722, 56.53854829831534, 56.62888210742746, 56.665753096889034, 56.55404009986877, 56.58241948820924]
56.51105526678096
==================================================================================================================================
density = 0.2
mae
[21.26415987734674, 21.485860483241648, 21.425202146181046, 21.37778150645594, 21.400415459436427, 21.497430934315588, 21.291541179014427, 21.384031891917747, 21.358357265954982, 21.17660675207365, 21.2153768877388, 21.22157313825453, 21.426071712528636, 21.35912713953557, 21.331237091659112, 21.32520393967522, 21.3217042656855, 21.347462667415254, 21.235318579828057, 21.412372656228783]
21.342841778724384
nmae
[0.44767469560019524, 0.4527829837401059, 0.45051622608996184, 0.4490958826467711, 0.44988086194529486, 0.4516692018696815, 0.4475277184396548, 0.450617670348998, 0.44900501246071317, 0.4456220797146741, 0.44594051233429144, 0.44624463494040467, 0.45055302420269217, 0.44892479640035565, 0.44850429389429103, 0.4481561610568547, 0.4478586494450197, 0.4484674820993908, 0.44702363280003804, 0.4499649650687315]
0.44880152425490605
rmse
[53.49303515744319, 53.45863722493504, 53.54866988231371, 53.54813766801602, 53.69980575039754, 53.84550319438287, 53.38265483244124, 53.225862924861026, 53.52320092818484, 53.41774722377961, 53.76951965538838, 53.45650480798001, 53.663433009747315, 53.576677632641314, 53.49215211941738, 53.67527538183635, 53.6573231843433, 53.72342040766641, 53.562552405785794, 53.66328338928418]
53.56916983904229
+++++++++++++++topK: 40
==================================================================================================================================
density = 0.05
mae
[27.76547819428486, 27.66362654953463, 28.04887930676099, 27.68088558139592, 27.671552258010696, 27.57605360729037, 27.26780932203726, 27.806487310468942, 27.89224506743147, 27.470682511669825, 27.827585283538568, 27.531701057771087, 27.918190417303034, 27.52076665319085, 27.800871319675963, 27.47554115715311, 27.637881966364986, 27.74073207966375, 27.489908677145593, 27.676559971688327]
27.67317191461901
nmae
[0.5842627735049785, 0.5817988935631462, 0.5899817498453296, 0.5821760498292406, 0.5817269675444826, 0.5793459728599574, 0.5731496770060215, 0.5846531828687167, 0.5864188842977806, 0.5777097938331422, 0.5852539432795637, 0.5786780038942649, 0.586872643614123, 0.5782903171694371, 0.5845379853613346, 0.5774676494153115, 0.5810182915887966, 0.5831705569166343, 0.5780082132183865, 0.5817751248501233]
0.5818148337230384
rmse
[62.312765728400784, 62.44958832408512, 62.83317989829651, 62.54439276646315, 62.530352132183125, 62.57170421223769, 62.55316360060312, 62.69632226095784, 62.59130831483884, 62.39068482355488, 62.432245569512254, 62.32386183826065, 62.83758298504242, 62.458103109379394, 62.07279925487124, 62.76998989978261, 62.572551394623176, 62.46667570594628, 62.6374522810521, 62.57057786713818]
62.530765098361464
==================================================================================================================================
density = 0.1
mae
[26.024961233991657, 26.113677213807907, 26.143099190307925, 26.076650964078954, 26.042372097507695, 26.097889026501857, 25.76698346084367, 26.11275519075743, 25.940231992484804, 25.703442753772457, 25.993390669856655, 25.954199837147062, 26.069731453254416, 25.99749816665718, 26.11131382701057, 25.84664038092482, 26.04309559577766, 26.056119206399188, 25.82429443248415, 25.952088124150485]
25.993521740885832
nmae
[0.5474667913384585, 0.5495118856962395, 0.5498465157382435, 0.5483739204723694, 0.5473012153587318, 0.5481455164024145, 0.5418231926155928, 0.5494321735023743, 0.5453597011719246, 0.540862323816019, 0.5464630344730431, 0.5457070262529607, 0.5481226706762635, 0.5463441175913533, 0.5492762397688721, 0.543010543592534, 0.5470340946809352, 0.5478241760488268, 0.5430177140918486, 0.5456403913546688]
0.5465281622321837
rmse
[59.91332049331498, 59.786290347439476, 59.97601111310383, 59.89492004069545, 59.92812141994561, 60.21676775960918, 59.78698700619449, 59.76005449342372, 59.9127843494177, 59.70800214503096, 60.028779327849854, 59.866085664944556, 59.971812031493634, 59.85962915506984, 59.84258935716831, 60.04752291772909, 59.92208965279011, 60.04313836979142, 59.87558643570859, 60.037605206694344]
59.918904864370745
==================================================================================================================================
density = 0.15000000000000002
mae
[23.900788040788992, 24.12452059422251, 23.972985127550963, 24.07504094394035, 23.972907517673647, 24.078172990017563, 23.871490896788586, 24.00525630957395, 23.860055285850212, 23.656006325968196, 23.911334924008425, 23.88511053279674, 24.000755279618012, 23.96716566414931, 23.96230315685051, 23.89641821718707, 23.915967813856927, 23.92681944700034, 23.759189951687354, 23.957442321170642]
23.934986567035015
nmae
[0.5030768999362436, 0.5078395143371136, 0.5043487883182468, 0.5059723123008633, 0.5039883355002336, 0.5058310115510593, 0.502168657888192, 0.5053932883513352, 0.5016504700945639, 0.4980186667830713, 0.5026491225198582, 0.5022449768504478, 0.5047330768431822, 0.5036844409193239, 0.5040970947573693, 0.5023544874867811, 0.5021956422889476, 0.503029167662209, 0.4999654004530175, 0.5034185942328169]
0.5033329974537439
rmse
[57.181347485179806, 57.224026056813365, 57.14053584314206, 57.34448265092912, 57.36203867595599, 57.45550544825981, 57.14194008418033, 57.1840036817888, 57.16242874403266, 56.96632066178779, 57.50706393565456, 57.27754330682109, 57.481891423489216, 57.298182901351275, 57.17584815784379, 57.303981572391486, 57.382735169888676, 57.43894085596038, 57.333561659306206, 57.35130338649173]
57.28568408506341
==================================================================================================================================
density = 0.2
mae
[21.820307595402042, 22.030317702992832, 21.97736745340846, 21.916623972476017, 21.945200038719786, 22.026894517160226, 21.830205473097852, 21.934427220448377, 21.898069425050853, 21.70829198926825, 21.786493650048897, 21.776298300385246, 21.985236886563662, 21.91338383031183, 21.89052950706324, 21.87527808190089, 21.877194520560497, 21.909806573450833, 21.777218827379627, 21.950271435816962]
21.89147085007532
nmae
[0.45938328234076, 0.4642566207708435, 0.46212682507953723, 0.46041566963270175, 0.4613333571815232, 0.46279343316100136, 0.458849923840815, 0.46221594433058444, 0.46035108471254865, 0.4568104010508602, 0.4579452060493703, 0.4579093275555365, 0.46231129532072407, 0.4605741288114964, 0.46026381111185294, 0.4597161497244357, 0.45952662458566385, 0.4602812025186639, 0.4584311478964141, 0.4612685048237012]
0.4603381970249517
rmse
[54.37971762944902, 54.33139576708551, 54.43091001322187, 54.41400742245739, 54.573637129127505, 54.70879995656999, 54.27923856276773, 54.122319487364734, 54.411731329933666, 54.27965388058728, 54.67382680899388, 54.367284460759066, 54.57094629429246, 54.45254790430671, 54.37885784156334, 54.555677775329556, 54.556186406714005, 54.599933525298546, 54.431301108142264, 54.53032808334754]
54.4524150693656
+++++++++++++++topK: 45
==================================================================================================================================
density = 0.05
mae
[27.774490065838396, 27.672468854837405, 28.05758704933434, 27.68991176593444, 27.68092170142612, 27.584715522803243, 27.2769166116845, 27.815216325453484, 27.900677220535023, 27.479824146597792, 27.835903352751142, 27.540618360961314, 27.92726936394729, 27.529806765831736, 27.809827019707523, 27.485320207514206, 27.647255496205734, 27.749496024494942, 27.49954073735571, 27.685849503066486]
27.682180804814045
nmae
[0.5844524083108873, 0.5819848577364439, 0.5901649090063228, 0.5823658858243432, 0.5819239372646781, 0.5795279512511043, 0.5733411056630898, 0.5848367172481959, 0.5865961656103195, 0.5779020428618037, 0.585428884179305, 0.5788654331852998, 0.5870634935703237, 0.5784802758894184, 0.5847262869002955, 0.5776731807711176, 0.5812153469312015, 0.5833547941088366, 0.578210738806123, 0.5819703954431037]
0.5820042405281108
rmse
[62.32250266816947, 62.45900213647061, 62.841972347374686, 62.55394910318093, 62.53982918993636, 62.5811323755715, 62.562683518112266, 62.705778422234026, 62.60036744232555, 62.40092026349235, 62.44108581154386, 62.33349494918821, 62.847194685477376, 62.46742116697853, 62.08262872202557, 62.77974962705307, 62.582153042682975, 62.475522418994565, 62.64683544390867, 62.58005344162358]
62.5402138388172
==================================================================================================================================
density = 0.1
mae
[26.06706292178442, 26.154372064228912, 26.17791803540221, 26.116381935888153, 26.084596039585215, 26.13916567886609, 25.806185412826164, 26.154266956295174, 25.9836020965005, 25.742207432603525, 26.036310816450555, 25.994443695092308, 26.110865497428794, 26.03541906049065, 26.15281115362869, 25.888592857076425, 26.082596614455454, 26.088782768325533, 25.865498409834185, 25.993328206757553]
26.033720382676023
nmae
[0.5483524516750331, 0.5503682302014534, 0.55057883215252, 0.5492094353091942, 0.5481885851701198, 0.5490124682046303, 0.5426475237528482, 0.5503056125324081, 0.5462715013043462, 0.5416780259955053, 0.5473653512906382, 0.5465531843384361, 0.5489875243165476, 0.5471410349388192, 0.5501491753735785, 0.5438919206900753, 0.5478638118668939, 0.5485109202549526, 0.5438841265179694, 0.5465074604978365]
0.5473733588191904
rmse
[59.96713050681697, 59.836515603473, 60.02858013692712, 59.94178643980903, 59.98012956928671, 60.268578639265115, 59.8342958211503, 59.81887355425501, 59.96981096039129, 59.753333391924116, 60.081350340916345, 59.915785291548914, 60.02467196379813, 59.90423110158033, 59.89217431145175, 60.09564344577868, 59.97247624776083, 60.08149216355533, 59.92540532852235, 60.08655420206866]
59.968940951014
==================================================================================================================================
density = 0.15000000000000002
mae
[24.435211664080978, 24.64677988470407, 24.492242697153316, 24.596286901489893, 24.48875669709369, 24.595366004710744, 24.396161961460855, 24.53799660061502, 24.38436044195867, 24.190901340848104, 24.43379850751283, 24.400962794223204, 24.528790134759078, 24.497649284834953, 24.48808749619248, 24.424732176514464, 24.434242975370783, 24.453181264303616, 24.30023191218411, 24.478637774077516]
24.46021892570442
nmae
[0.5143257415727452, 0.5188334697776092, 0.5152730401233777, 0.5169270609566574, 0.514833159771691, 0.5166961326670947, 0.5132058136954435, 0.5166093055458324, 0.5126738279570576, 0.5092795575060746, 0.5136320250901947, 0.5130920778819726, 0.515837588097548, 0.514832874140261, 0.5151580664926941, 0.513460791613947, 0.5130785607493101, 0.514095216262347, 0.5113505638778519, 0.5143704929666418]
0.5143782683373176
rmse
[57.799909561207876, 57.85364016187369, 57.763337941626645, 57.95931206477668, 57.96583298245354, 58.07335342445256, 57.76185825198423, 57.82774906044359, 57.783233900962706, 57.60016964957604, 58.110282930519375, 57.880275523079966, 58.0976741400921, 57.91499824186591, 57.80939132473226, 57.914844864100054, 57.981865072525686, 58.055801712232544, 57.96735874360204, 57.95824285378016]
57.90395662029438
==================================================================================================================================
density = 0.2
mae
[22.374831610513848, 22.57316837775554, 22.524319663135483, 22.454321219165294, 22.483923899694325, 22.55267963921703, 22.369913853051102, 22.478246967934755, 22.426918862193755, 22.24595037016429, 22.344076017121214, 22.32848175132921, 22.535198101233313, 22.45379773622444, 22.432427217282193, 22.41544181543599, 22.417163319219195, 22.45489785310353, 22.31568359387291, 22.485580124668147]
22.43335109961578
nmae
[0.47105768523746877, 0.4756964022232131, 0.473627806199648, 0.4717113983090256, 0.4726584436213219, 0.473840378591828, 0.4701940749228092, 0.47367565356318764, 0.4714687959277596, 0.46812441602388966, 0.4696654110571116, 0.4695205733798359, 0.47387602318069416, 0.47193251443740897, 0.47165759239328264, 0.47106786790016886, 0.47086857426737516, 0.4717324797738909, 0.46976634285229785, 0.47251761576283124]
0.4717330024812524
rmse
[55.16973065747296, 55.12935133898644, 55.22801819829311, 55.202030373942215, 55.36350076194592, 55.484094224007556, 55.078883841681986, 54.93737514765029, 55.19915374184196, 55.065078544535766, 55.472522992729935, 55.18035345942482, 55.370429249620464, 55.22869745488474, 55.17071845476558, 55.32300467758755, 55.34323335623501, 55.38196744360779, 55.21491864552067, 55.30863550366059]
55.24258490341977
+++++++++++++++topK: 50
==================================================================================================================================
density = 0.05
mae
[27.780531731344855, 27.67847103334061, 28.06342954322768, 27.696252778791347, 27.68747946615819, 27.590318066282563, 27.283043233177704, 27.820967375350705, 27.906378703411573, 27.486004113701412, 27.841666771424432, 27.546433776899416, 27.933622007814517, 27.53603728552332, 27.81570139588467, 27.491900786767086, 27.653491534933416, 27.75528430650297, 27.505580150226375, 27.692109245653665]
27.688235165320826
nmae
[0.5845795417324943, 0.5821110906728914, 0.5902878003608385, 0.5824992480972407, 0.5820617982909005, 0.5796456552216848, 0.5734698828262458, 0.5849576375783945, 0.5867160361054778, 0.5780320078715849, 0.5855500971221798, 0.5789876651273006, 0.5871970334898017, 0.5786111969954321, 0.5848498008713635, 0.5778114882064914, 0.5813464442624748, 0.5834764763929421, 0.5783377246860419, 0.5821019783612449]
0.5821315302136514
rmse
[62.32875860487171, 62.465078990863425, 62.84766913596211, 62.5603774069823, 62.54607065282449, 62.58705814590429, 62.56882563433772, 62.71174056669981, 62.60611045751157, 62.407411647656616, 62.44666312013516, 62.33957981514949, 62.85372691051253, 62.47333976668707, 62.08860577804881, 62.78601087402087, 62.58801193681828, 62.481454492587744, 62.65290313439934, 62.58622194070459]
62.5462809506339
==================================================================================================================================
density = 0.1
mae
[26.07197241700931, 26.15820840013055, 26.179821845743458, 26.12102419736101, 26.08804872485739, 26.143664806464294, 25.809970847313007, 26.160217832433965, 25.989048593742897, 25.74540281052614, 26.040456549154896, 25.998088825953484, 26.114900319564892, 26.03943338662709, 26.15686431011654, 25.8943533865704, 26.087640227046393, 26.09092507143576, 25.870752011566935, 25.997135068017304]
26.037896481581782
nmae
[0.5484557288931505, 0.5504489584787547, 0.550618873445067, 0.549307058854765, 0.5482611461042252, 0.5491069653732777, 0.5427271231441473, 0.5504308234795982, 0.5463860068380441, 0.5417452644407693, 0.5474525076644451, 0.5466298260201307, 0.5490723574683163, 0.5472253970361516, 0.5502344373626761, 0.5440129433145172, 0.5479697527308538, 0.5485559617067095, 0.5439945960919252, 0.5465874994240942]
0.5474611613935809
rmse
[59.984488166270154, 59.848721657238166, 60.042220106008884, 59.95521375625095, 59.99341842273659, 60.28269868281144, 59.84649354424845, 59.837872459819714, 59.986327873172996, 59.76688443805852, 60.09623085474209, 59.92929840521193, 60.04006551848823, 59.916962871900516, 59.906153889702004, 60.11036444415077, 59.98812071567374, 60.09269382582418, 59.93946035692145, 60.099613691123686]
59.98316518401773
==================================================================================================================================
density = 0.15000000000000002
mae
[24.83467342631993, 25.037839407456612, 24.89554111659663, 24.992448838063194, 24.874757217766977, 24.988282460003607, 24.80036605641842, 24.94264263780044, 24.786424120708276, 24.604278605494123, 24.82949067324848, 24.791680864304386, 24.93263271997839, 24.901245079395192, 24.876447540495388, 24.83111235644519, 24.835182913503438, 24.850652449188914, 24.70460295777233, 24.87458859823205]
24.859244501959598
nmae
[0.5227338319104899, 0.5270655702803282, 0.5237577185267835, 0.5252529853677655, 0.5229481437290158, 0.5249504685802989, 0.5217087860801746, 0.5251284977058392, 0.5211270956061188, 0.5179821927430059, 0.5219500182314017, 0.5213079154345568, 0.5243303504387042, 0.5233146831697093, 0.5233280311564193, 0.5220037835032946, 0.521497634203371, 0.522451512833458, 0.5198597568322507, 0.5226906218271863]
0.5227694799080085
rmse
[58.23050375787717, 58.29486035833959, 58.22707658303563, 58.40354769018512, 58.39454936027245, 58.51488184062085, 58.215262811888074, 58.29309593798184, 58.23074377278771, 58.06165645917348, 58.54754249635609, 58.30459970295043, 58.538240895506384, 58.35446826954023, 58.24422845616996, 58.36158599979109, 58.41014989794268, 58.48708085298527, 58.41186703770929, 58.39600925981427]
58.34609757204638
==================================================================================================================================
density = 0.2
mae
[22.912959299509936, 23.10440683966959, 23.05283721110769, 22.973102710265145, 23.004598155700545, 23.062330176618783, 22.891657979827542, 23.00167248461794, 22.944510519090116, 22.777481174733136, 22.885590398726038, 22.86708624518464, 23.06397528686254, 22.979966153587796, 22.94958240495669, 22.946560449222037, 22.936660659379804, 22.98061442165956, 22.842888715763195, 23.012046595131633]
22.959526394080715
nmae
[0.48238689602006846, 0.4868914733282572, 0.4847411543729907, 0.48260975235834247, 0.48360409014527833, 0.4845483302612182, 0.4811606346801503, 0.48470560283192893, 0.4823498410128494, 0.4793094876143223, 0.48104787209219246, 0.4808462825613347, 0.48499528775289885, 0.48299148927725244, 0.48253114469993325, 0.4822295003355087, 0.48178052456250464, 0.4827767331107583, 0.4808645115909601, 0.48358091410884846]
0.4827975761358799
rmse
[55.87441869907474, 55.85352710116703, 55.93809224544018, 55.88879681511091, 56.056108489443766, 56.17054900065365, 55.78621645385725, 55.65762981848681, 55.9053285551244, 55.778611932985804, 56.182221762036875, 55.89541192404746, 56.073308961586626, 55.92378051698193, 55.87243844757296, 56.01835665731191, 56.03257529658723, 56.07875683941721, 55.91308219496714, 56.01179468264312]
55.94555031972484
程序运行时间：9395.013576621219 秒
